4914
6841
4064
4942
7682
7338
4485
4701
4526
4292
4464
4436
4359
4923
4620
4553
5902
4816
5162
2739
3441
4522
4983
3867
5616
4085
4005
4009
3867
4079
4780
4005
4435
5373
4265
4411
4513
4628
4211
5720
4428
4524
3575
4956
4609
2644
5087
5470
4513
7004
4495
4104
4551
4730
3384
4672
6825
1171
2440
5141
4665
4605
4883
4454
4299
4707
4336
4193
4958
4305
3997
4681
3914
8723
2763
6573
3670
3932
2220
4590
4758
2194
4741
2199
4006
6848
9048
4553
4467
4586
4835
3806
4097
3989
6294
4607
4075
4572
3450
2250
4091
3872
9692
6655
2260
4705
3852
7451
3988
4161
6335
4881
5154
8779
4357
4762
2223
4699
5515
4820
4914
4742
6537
3901
8821
5289
4370
2955
4194
4282
8752
5919
4034
4539
7535
5270
2761
913
3899
8
4581
3377
4863
4474
4459
4764
5208
4400
4020
4914
9639
5295
4166
4680
4152
4248
4921
3370
4736
4558
6386
4364
3950
4478
4616
4641
5978
4050
3634
2398
7059
4561
8483
2873
3867
2254
3653
4859
3400
4438
4855
4077
3960
5375
4439
4197
4216
4730
4599
4475
3970
3704
3963
4717
4437
3392
6439
4130
6564
3950
4722
4648
6013
4709
4349
6062
4814
3966
3924
3990
2075
4070
4268
4978
4119
6790
4483
5153
4650
4302
4115
3723
4444
4236
3497
2644
4421
4505
4073
4835
4328
4636
3998
4680
4665
2428
2241
4551
3731
5213
4256
4543
2128
5579
4452
4759
5498
2379
3992
7025
3956
4483
5151
4077
4686
6406
2051
4860
3214
3918
3914
759
3991
2184
4411
4135
6332
4358
4014
4676
6588
3229
5923
4616
4662
4897
4069
8907
3413
3922
4321
2294
7723
4241
4553
4201
3928
4971
4568
4494
5137
3888
4486
5264
4419
6875
6279
4068
4543
7130
4444
4937
4507
4149
4418
4298
4314
4851
6592
4638
4016
3853
4218
3986
4653
7454
2241
2466
3834
3638
4080
6266
4194
4559
4212
3746
4368
3202
4130
5265
2390
5030
2199
4733
5455
4154
3891
1162
4504
4949
4574
4336
4175
4460
4770
4767
3066
4149
7246
4860
4707
2191
6002
3996
4656
6851
4739
4002
4525
4926
4870
4354
4661
4075
4560
8274
7451
4283
4362
4675
4292
4863
4018
2171
5605
7516
4519
2146
2969
4491
2424
5096
4611
4850
6697
4566
5718
4366
6595
4519
5092
5968
6861
4674
2933
5907
4973
4001
2946
4015
4693
4133
4681
4680
4591
4526
4816
4656
7484
834
6158
4136
1810
5236
4295
4175
4607
4278
4489
9864
4046
8738
5516
9740
7441
4617
7372
6390
26
4357
5968
4086
2028
3067
3841
4107
6159
5436
5055
6419
3705
4663
7905
4040
4213
2414
3278
4698
2236
3565
2102
3228
4124
4636
5096
4646
4482
4731
4637
4125
8420
2384
5621
3940
5187
9910
6161
4387
4703
4674
4104
8914
9147
3303
4489
4119
3725
3455
3965
9089
2081
3976
8797
4485
7362
3382
4695
4013
4531
3080
4086
4140
4243
6652
6121
6919
7571
5751
3065
4379
5652
4644
4270
3719
4937
5731
8789
2933
4261
4394
3974
4500
1174
4753
4826
3189
4605
4807
6825
5071
4573
3844
4096
9011
4006
4663
2268
5620
4436
6138
5213
3782
4551
3924
3058
4926
4476
4872
7793
4359
3963
3895
4506
2134
5443
4430
4706
4621
5027
1184
4007
3058
3992
4574
4949
4259
6452
5491
3484
4022
4437
3791
4773
7837
3989
4400
5340
4293
4104
4102
3006
3917
3756
3693
4736
4987
4410
4475
3845
5593
3975
4700
4504
3900
4412
4672
5531
4491
2089
4016
3877
4071
5544
5525
5379
4094
4105
3268
4809
4559
4893
4939
4280
5397
4505
5365
4557
4248
2982
4223
3996
4712
4077
4717
4389
4283
4613
6027
6382
4342
4076
5757
3510
3984
7535
2146
4050
7008
4078
2627
5427
6314
2776
4620
5324
3621
4760
3891
5391
4776
4747
4759
3177
4762
8562
9858
2803
5500
3360
5932
4237
4465
4112
4229
5644
5104
4262
4526
5596
4074
818
4531
4886
6927
5431
4698
3777
4248
4311
4454
2132
6506
5431
2536
4397
7273
4551
5978
5601
4764
2474
4966
8715
3614
3996
3839
4078
4071
3961
4760
3611
2541
4766
2193
4529
4328
4670
4537
6653
5905
4133
4309
9124
4685
3283
3973
5613
3949
3076
2627
4692
5915
3987
3177
3574
3882
4476
4068
4543
7546
4016
4143
4779
4533
4012
4749
4704
4121
6721
2987
3974
6571
4821
3058
4638
4590
4013
2741
5166
4498
8452
4029
4250
4540
4689
4421
3202
4286
6870
5395
4782
4625
5188
3659
4113
4779
2179
3796
2527
4033
3544
4923
4349
3094
4719
4635
4044
6201
4136
935
4515
4904
4599
6892
4948
1901
2392
3588
5641
2219
6790
4565
3929
4836
4731
4468
5764
4410
6979
4601
5758
3978
3257
4716
3263
8790
4708
3639
4707
4145
5942
6103
1226
4866
8501
5036
4454
2673
4042
3056
2398
2600
5848
4002
7071
3756
4997
6095
2965
4240
2169
6120
2382
4456
4654
4543
2086
2536
4735
6224
4644
4951
5611
4827
4663
4744
6855
4988
3006
7
2711
3376
4560
4096
2225
4279
2089
4339
3395
4008
3399
4615
4847
4268
4886
4338
5882
9132
4932
4792
6144
4846
6028
1182
2739
5101
4283
4700
5918
5886
3639
5495
4488
4757
4008
0
3997
3961
5901
5036
3966
4880
4654
4966
4578
4083
4295
4660
4491
3163
4758
4367
4178
7332
5856
4417
3315
5446
5631
4432
7842
4413
3963
4894
4015
2223
4123
4960
4974
5706
5411
6848
4821
1753
5376
2533
4398
4257
4822
4027
4688
1969
3977
4040
6620
5109
4218
6998
2243
4446
4086
2140
4034
4681
4797
4095
3455
4282
4179
4108
4675
4482
3979
4531
5145
6597
2420
4016
4837
4783
4972
3916
6790
3655
4768
4096
6982
7518
4026
4504
4812
5198
2282
5243
4031
4292
7189
3081
2177
3290
4036
3434
2828
4320
4751
4054
3861
4112
4258
5785
9921
3271
3998
2989
4932
5631
4725
4612
5181
4531
3493
4746
6571
4936
4105
4124
4534
4444
4351
3637
2353
3056
3948
6695
3201
4068
1997
4093
3686
4744
5141
3438
3997
6128
2828
3937
4013
3514
4005
6794
2760
4814
3368
4089
6264
3990
4684
4509
5177
2776
4405
3454
4575
5103
3986
3798
5896
3446
5368
833
5430
1191
2076
6688
6744
5570
4414
3855
5127
4699
6981
832
4179
3924
5657
3056
6696
4575
4493
5671
5036
2778
4852
2137
6588
4443
3352
4155
4565
7797
4459
5404
3957
4780
4860
5595
880
2390
4591
6130
4533
4663
5638
4516
2319
4160
2461
4578
4312
4954
5376
4062
4249
4731
4523
4683
8770
4405
6837
3966
5352
4152
4347
6914
4711
3252
2754
4405
4407
2962
4101
3887
2111
5775
4517
4272
4533
3963
4037
5201
4076
4106
4208
4333
4467
3809
3713
6950
4900
5114
8635
3445
4433
4411
4400
3785
4398
4612
4544
3856
7504
3441
4082
3609
6194
4072
5361
5475
4564
4063
6389
4001
4473
4594
4293
4369
828
4841
4442
4023
4096
4565
4808
3964
6413
4217
3103
4134
7059
4695
3881
2401
4225
6679
4044
4525
4816
7042
3459
3980
6661
4876
4693
4005
4860
3350
4489
4581
4360
4404
4175
4374
5161
6265
4701
3880
4524
3032
4443
4477
4847
4690
4223
4692
4429
3925
3865
6904
5386
5886
4753
4036
4294
4678
4486
4625
3936
4559
3986
4802
3653
4332
4297
4737
4112
5749
6446
4793
4002
3340
7009
3746
3899
4104
5978
6632
6720
4218
4337
2362
7372
3508
4676
4831
4834
4419
4747
3542
4601
4411
6217
6606
4046
4472
3942
4978
5971
4242
4725
4400
4071
4879
3957
4517
5285
4664
9837
4501
3397
7767
4440
2352
4411
3971
4133
3969
4030
4933
4550
4076
4262
4927
2087
4722
5462
4139
4288
5168
7338
5916
2316
3141
4154
4695
4399
4006
4433
2623
4303
6140
3491
5968
8757
4524
4261
4581
7002
3236
3588
4597
4262
3765
3810
4377
4104
4216
3397
4701
4175
2189
3927
4772
4199
4034
4283
6681
4896
5444
4177
4434
4288
4468
5970
4463
4601
8062
4847
4224
4111
4096
4394
2417
4139
4000
4503
2127
4512
3992
7063
2823
3957
4431
4346
3625
3131
4549
5802
4646
5007
3312
4007
5023
6215
2064
4456
4431
4527
4455
3753
4571
4002
7326
2557
2887
3804
6838
5052
3450
6599
4305
4451
4353
4124
4507
2119
4264
5925
6848
4417
4576
7620
3948
4263
4139
3812
6143
4222
4051
5740
6115
3903
4479
3958
3440
3980
2218
3112
4157
4808
4859
2538
4687
3062
3826
4293
4487
6692
4617
6342
6294
9123
5394
5834
2240
4047
5467
4601
4369
4321
2183
5302
4318
6539
4332
3975
4655
2128
4712
5484
4754
4479
4554
3338
3044
2638
4893
2273
3512
1983
4962
4263
4228
4045
5195
3509
5007
4694
3957
6971
2856
4665
4110
5178
2118
4672
4618
6044
2583
4062
2508
4522
4822
6953
3977
5137
4969
4195
3737
4825
2261
4447
3431
3928
4419
3989
6927
4795
7286
3918
4072
2955
2977
3970
3981
6900
3971
3936
5206
5562
4465
4305
4228
3395
3411
3190
2129
4575
4280
9089
4096
3962
4428
4124
8726
3354
2492
3802
3611
5984
6364
6559
6837
4821
6610
4493
4682
6784
4082
6143
4147
4003
5998
4328
4742
2835
4126
5291
3894
3961
3856
4373
8547
4754
4353
2075
3849
2084
5094
4005
4252
5104
4052
2247
4327
4355
6190
4674
4024
3385
4230
4725
4112
3761
4416
2256
6455
4739
4071
7719
3539
3972
8438
4248
7059
2752
4672
5386
4212
8770
4176
4940
4508
4779
2805
4847
4336
4675
4499
6698
6531
4296
4208
2069
5848
5513
4569
3648
4293
4318
6299
4642
3977
2398
3065
4605
4020
5162
4709
3834
2323
5067
5814
4023
4589
4439
4112
4045
3926
3510
4098
6402
7392
3961
3947
3342
4695
4688
6351
4771
4491
6103
4818
4876
3081
3995
3405
6997
3877
4811
5590
4496
6030
3073
4880
4635
3855
4092
4031
4140
4824
4453
5161
3882
6844
5071
3409
2933
5218
9832
5698
6227
6314
2673
5851
4663
4773
2623
4527
4143
4635
3945
2259
3993
7017
4786
6201
3997
2421
4434
4590
3890
3850
5919
6101
4618
4688
4505
4540
4546
4683
5104
5006
8440
6402
4866
4311
2221
2019
4393
4904
4251
6011
5463
904
3536
3419
4004
4660
3999
3363
5971
2307
4141
1083
5566
3385
4405
5914
4634
5170
4537
4164
4499
4767
4539
7052
2229
3840
4729
4481
4337
9915
5149
4525
4080
4692
2328
721
1780
4709
8283
3404
4967
2996
4678
4291
3958
4112
4693
2187
4783
8988
5012
4926
4401
4744
5430
6086
4021
4826
2711
7189
5463
4548
4031
4404
6477
4752
5265
1182
3407
5347
4306
4873
4062
4751
4052
4494
4678
3935
9997
4124
4238
2255
4359
3348
3094
3882
4316
4764
4229
4627
4921
4540
5639
5762
4665
4332
3052
4392
4000
4367
4470
3271
4420
4143
4023
4359
4530
4009
4554
4677
4715
4558
3097
3999
4456
3828
3761
4579
8841
4971
8165
5225
3826
6343
3964
5292
4794
3972
4405
5194
4691
4635
4056
4383
3437
2115
6014
4110
4103
5593
6662
4671
4491
4370
6980
4638
3969
4994
2434
3658
4286
4480
3936
3573
4327
4845
3775
4918
4457
3634
4124
4390
3150
4347
5614
5905
3540
2741
4473
4110
7130
4669
3977
4620
6053
4648
2830
4474
4682
4388
4820
4538
5149
4914
5254
3936
4695
3973
4434
5912
4120
3987
5096
3033
4764
3065
3549
6998
6581
4815
4152
4216
4984
4052
5670
4936
4633
4053
5951
4716
2428
6717
4282
3966
4446
4451
5380
8
2996
4012
4553
3353
3389
3833
3971
4904
4441
2453
3493
4374
5124
4818
5140
3791
4002
6462
8816
4845
5283
3783
6270
5089
4447
5944
4678
4645
4826
6144
3996
4683
4544
4079
4012
4586
4089
6997
4682
3571
6350
4755
4431
4601
6664
6973
4172
3387
3363
6944
4500
6551
7974
4182
4287
4708
4820
4477
2420
4404
4875
4124
2476
4531
3889
4070
4455
5340
6388
6240
4042
4010
3080
4628
4638
5971
1083
2549
4783
4980
4734
4129
3454
4865
9512
4076
4852
4108
4435
4942
5989
4114
4306
5659
4420
4788
4868
5282
4411
4884
2125
4154
5198
6265
4759
4438
5207
4265
6138
4859
4259
4314
6262
2217
3970
4589
3936
4084
4596
4706
4927
5809
3967
4415
4128
4800
4909
2534
9862
5498
4543
4536
7018
6653
4659
5091
4587
4887
4829
4034
4889
9037
4366
3774
2463
1752
3157
6004
3356
4695
4391
4260
2531
4280
5622
3234
5394
4579
4873
3392
4770
4502
4952
6877
4675
4944
4820
4117
4006
2195
4629
3945
4490
5011
4300
4976
3968
3772
2051
3061
4570
4657
4004
4440
3008
4462
8239
3938
7000
2969
4674
4327
6139
6145
4019
5282
5816
6722
2763
3911
4116
7466
4418
4735
4216
7033
824
5935
4134
4512
4485
6315
6310
4494
4774
4679
4638
4530
4009
5150
4124
3997
4020
1371
3729
4294
5968
4017
3363
4015
5096
4397
4526
4296
4941
5190
4525
3941
4672
4773
5426
4064
3979
3957
2106
4698
4016
4247
3642
3683
4696
3703
6860
4437
5203
1969
4859
3827
5945
4081
8878
4128
6577
6115
4337
3419
4677
4574
8185
5444
4437
3842
7382
3515
4752
4333
4711
3579
4159
5482
4024
6438
4119
4748
5067
6517
6592
4081
3178
1224
4075
4540
6998
4815
4376
4014
4782
3791
4705
1163
4844
2216
4994
4219
2741
4891
4339
3960
3977
4789
5500
4484
4719
4818
8295
4013
3895
4587
4567
3295
4428
0
3790
4784
3900
5201
833
3262
4379
6264
4740
4071
4584
6883
3936
6995
5976
4676
5720
1180
4439
4620
5137
4643
4627
5613
3857
4163
3981
3756
4529
4358
3993
6714
4017
4501
4431
4668
2050
3761
4510
6768
4421
3482
717
5297
3968
2689
4025
3929
4525
4714
3550
3710
4980
2861
4762
2958
4693
5085
6329
3996
3384
4220
3066
3520
4488
4326
3906
4696
6022
3208
4947
4456
4346
4262
5091
4024
6757
7428
2166
3989
4452
4799
2067
4913
3519
4408
7338
3973
818
6895
2982
8404
4480
5957
4481
3895
4749
5444
4400
1370
4500
4552
4119
4093
4008
3354
4879
7207
4656
4777
8752
5422
4895
4536
2319
4985
4330
3647
5215
3792
4896
6315
4737
3254
4374
6358
3817
4624
4531
7137
4577
3568
6206
6332
4268
4651
10043
4719
4289
2740
5321
4839
3969
4223
5970
3995
4684
4112
2239
4429
4007
2134
4531
4617
2163
3544
3424
6978
4071
4444
2923
3924
5485
4394
3953
6295
8157
4288
4428
4700
2786
4290
4508
4777
7450
3705
4717
4400
3682
4886
4632
4375
5055
4343
4487
4334
4448
5896
4089
4004
7056
6899
2241
4698
3995
4044
2427
4442
3277
3073
3616
4825
8805
4640
4000
4222
8
4693
4009
4584
3543
4180
4156
7160
3988
4012
5025
4708
5446
5556
2805
5641
4669
3666
8393
4475
3535
4578
3793
4968
4135
3887
2904
3347
2362
5276
9692
2197
3966
4745
4523
4001
4112
4518
4767
5923
3067
4641
3989
2105
4276
4429
7636
4578
4016
3260
6929
3950
4020
6374
2847
4758
3800
7190
4553
3987
2861
1906
4018
4076
4096
4614
4475
4646
4054
4706
3985
6256
5129
4094
4655
4859
4161
4660
5325
3988
4050
4738
6669
4716
4674
4635
4108
4029
4627
4802
3995
7347
2224
3363
4274
3567
4293
4738
6048
4493
2533
2310
4675
2249
3813
3950
4032
3266
3899
4079
3931
5199
4812
4656
3988
4359
990
3753
4578
4531
4486
5506
4497
4438
4517
4331
4762
7956
9610
4236
3930
7058
4328
5506
4195
4663
2761
6147
4180
5594
9480
3139
4010
4687
4950
5616
4522
3410
4204
6622
4792
2956
4588
4099
3472
4678
5890
3963
4474
3482
2060
5919
4571
7038
4818
4867
4296
4587
4792
4844
4892
4756
4281
3443
22
4266
4533
4458
4002
6014
4617
5436
4560
3933
4074
2434
4016
4464
4605
3423
5095
4500
2822
4997
3838
2306
4517
4385
4350
4082
3460
4471
4857
2532
5036
4511
2541
4005
4785
4281
2124
3980
4104
6185
3481
4815
904
4108
4245
4647
2706
2671
9131
3937
4754
5414
4475
2228
6910
4698
3969
4770
4312
7059
4175
4585
4225
4494
2121
4368
4707
3899
3968
5420
6719
4171
7639
3178
7114
2242
4377
3362
7041
5900
4409
4159
4333
2640
3506
5241
2740
3514
4815
3354
4582
4569
2110
7004
6040
832
3376
2863
7919
2478
4749
5009
4267
7250
4533
5531
5396
4164
4940
5099
3769
6861
4005
3696
5175
4865
4707
3812
4285
4711
3505
4742
3915
4447
4742
4254
4006
4431
6597
6026
4014
3401
4663
4039
4332
3439
4448
4493
4463
4761
5187
7734
4599
3878
5382
7484
4159
3648
2196
5039
4862
4233
3868
1397
4646
5426
6027
5462
4078
5417
4010
2369
5218
4627
5201
4710
5510
6922
4741
4848
3696
4559
2521
4000
4075
4026
5413
5718
8907
4668
4492
2258
8811
6557
6957
4699
5467
4240
3081
3954
3598
4440
4468
5856
3964
3970
3635
4752
0
4150
4687
4409
3972
4002
4008
4483
4193
4693
4668
5412
4571
4131
6836
4874
8066
4302
4081
4051
4370
5812
4455
6722
4457
4672
4444
6892
5543
6975
3206
6802
4257
4156
4081
4828
4336
8760
7399
3902
3971
4420
4118
4488
4122
2943
4899
9375
6130
4277
4435
4138
4262
4375
3669
4489
4969
828
4153
6862
5697
4341
4861
4681
4875
4007
3382
4012
4468
4104
3935
7937
4016
2252
3446
3410
2966
4363
3781
5203
4818
5902
4945
4584
8629
4239
4925
9277
3443
6024
3899
3807
6226
4999
4073
6559
6606
4320
3921
4813
8785
4268
3448
3583
4479
5446
4464
4121
5214
6124
3529
1621
4767
3690
4010
3893
3963
4126
4013
4384
4029
4649
4683
4683
3974
6269
4465
4110
4742
3443
3235
6911
3010
4445
4668
5149
4050
3397
4271
2254
4404
4473
4080
4458
4293
4518
3922
6018
4703
4289
3814
4085
5140
3965
4737
5236
5497
6912
4987
3608
6406
4283
4701
4634
4663
2343
8001
4199
3997
4617
4112
4406
5213
1183
4093
4012
4885
3993
4510
3146
2259
4575
3188
3364
4082
4696
4450
4531
2438
4907
4897
3436
7485
4834
4815
3971
4927
759
3146
3975
3640
4322
4068
4691
7313
4153
4268
5396
7007
3970
4512
3929
3995
3807
4845
6358
4782
4036
4216
2241
3410
2254
4621
4155
3954
4292
5998
5566
5376
4034
8814
4192
4712
8849
1889
3328
4971
8815
4611
6195
4477
7207
6406
5322
3401
2244
4253
3347
4317
4197
4005
5514
4118
4025
1117
3957
4540
5853
6941
4207
3886
4105
4283
3053
3455
5398
6108
4768
4977
4812
4818
4433
6431
4558
6195
4487
2481
5900
4087
6047
4759
6021
4453
5152
5603
7538
4854
6321
4416
4816
5073
4891
4546
5380
4674
3980
4790
3881
5179
4853
4443
2020
5430
3998
4545
6597
3243
4107
4328
4103
4250
4736
5149
6452
4880
6681
3452
2125
2103
4780
4551
6887
5180
4038
4312
4832
3993
3363
4434
3598
5062
2771
4275
5027
3783
4835
2120
4627
7669
2424
2062
5883
4476
7552
4110
4078
6661
6950
6018
4085
2367
6799
4493
6286
5036
4487
3347
3987
4395
4271
2199
4724
3486
3413
3935
2752
4712
7570
4892
3922
4248
2086
2707
3868
4813
3328
5324
4706
3307
4289
4157
3333
4086
4650
4487
4766
4591
4244
2132
7437
3862
9159
3897
4476
7017
2143
4539
4675
5218
5567
6018
4834
1169
3518
4508
4631
5250
4735
4699
4500
5129
4715
4540
3232
4124
4666
4825
5570
4477
4381
4729
4248
1065
7120
4020
4510
4079
4206
4149
2162
3932
3885
5655
4383
4056
4348
4062
4009
4124
4682
4117
2848
4366
2707
4443
4904
4430
3355
9024
4489
6296
4346
4599
4023
4728
4221
4520
4536
5854
2641
6223
4181
5784
4613
4536
5642
6122
4211
5771
4350
4416
4436
7533
3881
4087
9936
3262
4754
4687
4654
4430
4752
4182
4668
4006
9573
6307
4087
4223
3651
6865
5326
2300
4271
3951
4197
4211
3994
6413
4551
4311
2457
4808
4347
4462
3899
4364
3613
5074
4085
3750
4525
7718
3971
5151
7518
4715
4774
4593
4426
4024
4000
5966
4975
9340
4581
6758
4634
4677
1163
3751
4656
4614
4280
4383
4123
4415
4431
2215
4426
4641
6829
4285
3057
3557
5006
4416
3994
5481
4336
4162
4045
5941
7088
4054
4803
3983
3616
2401
3974
3823
5072
4486
6941
4884
4521
3917
4561
4487
2462
4688
4342
3324
3958
6848
4388
4204
4872
5108
4664
4159
4576
4147
3973
5375
3997
4549
4234
4012
5126
2434
6364
4488
6535
3946
2135
4134
5645
4016
4437
3973
3401
9954
2342
2661
4650
3161
3430
4706
4074
4457
4075
8801
4429
3923
3483
3488
9961
4225
4540
5288
3910
6936
4241
4023
4646
3256
3396
4442
4294
3280
5180
4409
4631
4045
2306
2084
3758
4933
3667
1875
3923
8157
4822
4872
4315
4966
4569
4177
5095
4975
4609
4704
4378
5266
4717
4565
6266
4507
4733
4445
7696
2922
4053
4457
4053
6498
2973
4528
4001
2808
858
6946
8079
4479
4337
4661
4412
6262
3976
4474
4887
3989
4978
4255
4855
6187
5048
4725
3290
3892
4582
5697
6989
4643
4800
4553
4398
4355
2653
4919
4863
8158
4470
6586
4038
828
4847
3067
927
4430
4435
4678
4030
2105
3982
2551
3270
8221
4705
5118
3277
5188
4301
4020
5345
4464
3900
3846
4734
6227
4811
3853
6913
4031
3839
5027
6579
3970
4656
5470
4538
6310
4082
6444
4872
5218
4191
3990
4249
4113
4628
4014
5165
4715
6029
7551
8440
4385
4637
4003
2332
3394
4120
6530
4726
4123
4666
2694
4969
4966
7319
2470
4428
4120
7001
4029
4256
6357
4608
5225
4993
3398
6927
5664
7525
6144
4412
4059
4509
4424
4354
4818
5740
4045
3405
7088
2434
5884
3993
4423
4815
7088
3436
6050
4405
4513
5126
4463
5597
2436
4306
4286
3553
3995
4199
4613
5692
4089
6857
4695
3315
4899
4421
3639
5391
5712
3054
2252
5172
4758
4026
4867
4873
759
3288
5362
4510
3627
4237
4006
4581
2651
4628
6077
5613
5638
4579
3996
4347
7711
4641
4628
3095
4647
4594
3560
4001
7294
9092
4455
4476
3396
4210
4116
4230
6484
4788
3065
3514
3850
4669
5897
5892
4657
4792
5190
4500
4092
8791
3891
4600
4022
3953
4773
4442
3803
3050
4226
4371
6760
8433
4500
4648
4652
3050
4553
2177
3988
4840
2353
5896
2508
4330
3503
4391
7074
3335
5201
3609
5011
4596
4605
4369
3992
8011
7286
5833
4049
4499
5175
3891
4063
4410
3504
3937
6831
4910
3671
5133
4015
4711
3954
6920
3996
2201
4650
4554
4245
4098
3964
4331
6725
5514
4204
4558
4469
4158
5749
4620
6040
4071
3522
4513
4641
3577
4846
4439
5123
4431
5764
2210
6775
4717
6681
4092
4008
4592
3521
4044
5154
4072
3812
6086
4022
4530
4017
4539
4589
3976
4328
5052
4548
4695
3406
6535
4813
3419
3938
7488
4765
4082
2254
4353
3407
3968
4355
6298
4888
4482
832
4083
3353
4286
4318
4366
7455
2752
4839
3870
4612
5958
3997
1969
4254
4680
5131
4773
4677
4254
4660
4130
4581
8415
2405
4692
3581
5458
4053
3756
4790
3924
5560
4088
6549
4575
4524
3401
4404
5441
8064
3270
4112
3870
2596
2671
4080
3987
2170
4668
3978
3895
7602
4775
4688
3961
2183
5850
4534
4652
4486
3399
4249
4065
4661
4661
3979
4376
2376
4390
5207
7552
6260
3299
5486
4669
3976
4676
3386
8770
4624
4008
3985
4085
4436
3783
4491
8743
2156
3737
4693
4222
6003
4523
3061
4254
4652
4536
4637
4685
4292
4081
4844
4024
3609
4757
4720
3659
5103
7163
4035
3957
4004
6575
6271
4253
4121
3997
3975
2185
2988
4221
3887
8692
4164
3934
8484
8440
4263
5793
3984
5889
3704
4683
4487
4392
3986
5506
3617
4342
4657
3966
4768
4558
5751
4009
3408
4792
4266
4499
4822
3911
6389
6994
4473
4779
7048
4424
6310
4130
3635
3402
5911
6620
3992
4760
4218
4086
3976
4773
4880
5202
3046
5225
4889
4050
3709
4763
4263
4281
5910
4337
4068
841
2863
4478
4040
4375
4561
5621
3342
5008
8436
3972
4046
8406
5223
4502
1163
3482
3285
9216
4409
7310
4890
4440
4543
4909
6806
7734
5629
3983
7225
5040
3736
2044
4752
7707
1515
5876
4104
3423
4466
4883
3722
2378
3943
2557
4567
5966
4021
2763
3312
4405
2419
4496
4471
1693
4880
4924
4285
4685
3410
4822
3951
6343
5567
3563
4480
3503
2307
5291
4848
4900
5198
5375
3345
4509
4015
4694
3742
4515
4829
4304
4124
4547
4460
6105
4579
4385
4133
2142
3036
8776
4416
3434
5547
4279
3898
4836
6146
6351
4652
4887
4455
5186
2447
3976
4417
4877
5185
4485
2856
4228
4149
4509
7842
6004
2075
4335
3356
4636
6643
5714
2245
3500
4553
4530
4025
4567
5854
4755
4452
2169
9692
4768
4265
7847
4518
4627
5581
6421
2390
4221
4910
2593
3076
4128
7752
4496
6535
4860
2278
4018
4881
3977
7064
2071
3160
4721
6887
4119
4313
6695
5491
6053
3369
4211
4625
4008
4647
5906
4086
4663
3944
9089
5859
6353
4006
4813
4013
3362
4491
4196
4747
4151
4795
4466
2867
6776
4632
4617
2849
4386
4991
4426
8281
3648
4333
4068
8631
4386
5186
4005
2124
2969
4308
3946
6124
4919
3090
4375
2056
8
2131
4510
4228
3470
4731
5251
4617
4764
4087
4101
832
4361
3964
6677
4110
4501
2481
2084
3616
7010
4636
4903
4620
4328
4885
4543
9850
5618
6801
6994
3889
4357
3502
4003
4938
5405
4848
4593
2987
4813
4094
3932
6247
4533
5155
4634
4561
3990
6663
4952
4524
6615
4242
4584
4448
4650
4343
5949
4883
4079
5276
5781
6695
3981
7949
4448
6643
4640
2104
7606
4478
1224
4579
4908
3799
4429
4586
4355
4110
5914
4845
3958
4785
4595
800
4883
5844
3459
4960
5004
4256
4430
4830
5641
4527
4903
5857
6294
4343
4768
4993
6904
4316
4337
4621
9160
4079
5941
1621
6321
4865
4079
4764
4625
5319
4454
4099
4300
4346
4266
4090
4886
927
4172
4667
5717
4125
4607
833
4262
3441
4671
3185
765
3969
4024
4564
3733
1163
4011
4187
4019
4377
5008
4958
4013
4046
4552
4653
4325
4132
4306
4389
4524
5713
3892
5366
3953
6661
4419
4129
5028
5778
2965
4112
4451
4784
5018
4328
6927
2272
4532
4170
4941
6983
4564
4561
3563
6217
4282
4588
3611
6230
3397
4908
4841
4068
4768
7329
3376
5970
4187
4511
4828
6664
3139
4737
4539
6573
6564
3948
6584
6575
2159
4109
4233
4231
4312
4248
2363
2808
6262
3998
4023
3490
4689
4030
4704
5599
3739
3995
3746
5707
6050
8908
6045
8237
4100
6687
4794
4493
4211
4420
3935
4555
3410
935
8416
4897
3999
3391
4628
4750
5792
4497
4661
3829
4931
4096
3976
8939
4780
3974
4868
1810
4441
6332
4193
7058
4663
4014
3977
4782
5186
3720
4467
3965
4752
5143
4766
3354
818
4499
4585
3281
4272
4701
4333
4761
4745
4344
4511
4546
2239
4045
4769
3521
4661
4510
4363
3713
2706
3372
6188
4543
3993
5388
5108
6995
3973
3010
4004
6231
4673
4870
3502
2429
2946
4354
2563
4587
3582
3982
5841
3406
4835
4538
5209
4780
8717
5254
6356
4683
3428
4309
4060
3482
6000
4569
5628
6897
4277
7543
3996
4086
4113
5088
5895
5142
4390
2081
6612
4255
5322
4173
4695
4006
4688
5085
4640
5925
2449
4701
9393
3913
4103
4011
4480
4312
4089
5731
4812
4826
4000
2405
3811
4667
4749
4219
4782
7608
4674
5935
4002
4877
4009
4026
4599
2099
4071
6688
4569
4968
4071
4426
5826
4696
4221
4543
5913
6652
4096
4389
4706
0
3542
4255
4247
2414
4768
4229
3459
4018
3928
3999
4402
4912
3353
4130
4000
2162
3066
3952
5692
3587
2089
4668
6865
5456
3679
6700
4453
4012
3954
4877
6103
6086
4002
7455
4819
4665
5557
4627
3493
4498
4302
3938
5544
5767
5430
3962
4262
3021
3995
6530
4596
8722
6960
8501
2086
5422
8066
4620
4361
4002
4297
2077
4115
3466
5399
4087
6097
5193
4635
3843
4729
4234
3964
4768
4642
4348
5140
4817
6839
4755
4764
4521
4813
4282
4460
6984
5766
4818
4008
0
4467
3239
3899
5348
3711
6552
4005
4489
2169
2623
4529
3986
7051
6236
4500
8718
4554
4795
2246
3649
5288
5198
2979
7583
4652
4004
5372
2955
4121
4000
5722
4053
3945
4461
6191
4040
7623
3282
4569
4724
4334
2254
2778
4746
4289
6520
5185
6564
4716
2046
4749
3943
4690
4952
818
3802
4588
4061
4756
4309
3769
4712
3010
4993
4320
4239
4220
6061
3951
8544
4617
6723
2373
4705
3353
4224
4106
2522
4311
4193
3442
6198
4767
4251
4884
4865
4241
4868
3329
5892
5944
2225
4008
3981
3885
3396
4860
6973
4819
4688
4516
4103
3422
4472
8423
4101
5183
4603
2072
6679
5969
4923
2562
2175
4758
4416
4481
3485
6679
3659
4753
7977
4175
3978
4141
3969
5131
4894
4088
4500
4346
4032
6164
4511
4297
2267
3992
4725
3277
4440
6190
4411
3268
2952
5653
4827
3978
4735
4005
5129
4699
2489
4719
3768
4949
4648
4718
3766
2520
4310
4482
4502
4730
5077
3914
4646
4711
3964
4119
3976
3416
3886
4625
2075
6003
4795
5992
4773
4917
9645
4493
4230
3940
4598
4370
4889
7533
4298
2962
4442
2363
3938
3936
4375
3419
4625
4539
3634
8046
4111
6660
5069
3416
4425
2946
4580
7169
4140
4052
4112
4128
4483
5601
2922
4255
3022
4467
4093
4690
4290
3960
3202
4081
4936
3199
4301
3470
3531
3931
2066
4031
7102
4401
5435
4396
3459
4703
4000
3882
5190
4166
4533
4273
4316
3720
4509
6900
4068
3503
4009
4337
4792
3949
4439
4529
4005
3771
5783
4047
4267
4423
3559
4446
6682
4701
4944
3634
4632
5957
6387
4437
4556
4475
5785
4431
4003
7155
2067
6310
2054
4611
5834
5132
4438
4334
6377
4319
4170
5172
6546
4013
3678
7437
3966
4460
4112
4083
4459
4807
5408
5462
4973
4544
4141
5703
5814
4621
6880
4079
4091
4785
5523
3788
9989
3637
4576
7343
7345
4338
4457
4007
5279
4235
4556
2217
4695
4062
4722
4370
3398
3574
6204
3924
5437
4844
4710
6321
4662
4744
4629
3057
3992
4520
4543
4955
3999
4680
4003
6817
3434
6045
4190
6881
4826
4123
4396
5659
4660
2143
4188
2215
4730
3262
5967
3661
3315
5539
4104
6599
3509
5729
4160
5623
4124
2476
3931
4485
4674
4550
3370
4597
3912
5888
3871
4084
4397
3354
5182
4279
4008
4660
2506
4144
4751
7016
3015
5501
4282
6664
2742
4128
4375
4663
4655
9037
4896
3503
4696
3969
6849
2177
4440
7663
4660
4086
3791
4807
3843
5967
3982
4844
4273
4787
1922
6841
4711
3933
4009
7694
6581
5282
4039
4005
5397
4526
4250
6653
7346
4857
7049
6022
4341
4694
4547
4643
2644
5645
5151
3877
4601
5094
4719
4845
6141
4514
3872
8630
4746
5498
4074
3429
4223
3736
4715
4657
4349
3178
5016
5243
4875
6992
7363
4018
3400
6584
4637
4137
4752
3784
4908
3964
6314
6950
4131
5957
3915
4468
3955
4569
4570
4341
2228
4115
3945
4672
5531
4832
4974
4392
4474
4558
9684
2416
4834
4652
2536
4663
2833
4038
3959
4597
5071
4386
4697
3920
4874
5180
4012
4673
4457
3452
7729
4686
4320
8500
3569
2472
7543
1912
4912
4672
3831
5264
5140
6382
4711
7287
4488
4314
4046
3278
4745
6850
4048
4290
4669
4501
3896
4730
3543
4033
5427
2893
2060
3963
4065
4601
4376
4631
4263
6923
8433
4502
4201
7287
6334
5148
3895
4763
4886
4816
2589
5143
5185
2124
4817
4020
4298
4459
2115
5894
4716
2081
2083
4629
3987
6608
4559
3577
4744
4724
5451
4692
7615
4031
4934
4636
3764
4085
4765
4079
4751
4381
5098
4411
4411
4608
3916
4128
1839
3852
2950
26
4505
7767
4142
3723
4770
4895
4414
4533
2364
5432
4764
6260
4246
5500
4298
2857
4090
4341
3757
3982
4687
2125
5215
4671
4389
4769
4506
5109
859
4070
7227
3033
2561
4040
4753
4263
3871
4703
4669
4920
5646
2083
4049
3987
6256
6202
5114
4249
4024
3413
6005
4732
5717
4062
4026
4752
4772
6998
4668
4178
3877
3277
3426
2481
4040
5778
5375
4658
3563
4341
9605
4700
3699
6946
3986
2937
5940
3975
4650
4477
4662
4774
4775
4447
4170
4719
6223
3360
2342
3564
4751
5644
4701
1786
7758
2847
5995
4535
4424
7436
7227
2077
3834
3851
7753
5454
4917
4068
6284
4876
5947
6224
2542
4554
4261
4165
5719
4310
4741
4259
3243
3834
3836
4495
4759
3397
6519
5928
4542
4530
4662
4768
4662
5106
4165
4955
3844
4696
4233
4596
4391
3834
4824
4500
2019
4666
3969
4857
4886
4535
4764
4644
4410
5916
3771
3938
1889
4298
4881
4005
4780
3985
4663
4952
4185
6142
4645
4480
3908
4027
2119
4723
3964
6991
4686
4457
3870
4431
3993
5096
2250
4669
4599
5414
4546
4355
2989
3730
3402
5533
5188
5869
4763
4871
2513
4158
3278
4826
3992
3706
4248
2862
4480
2426
4025
4072
4616
4028
4334
4064
4389
4123
4510
4305
4112
6587
4115
3406
5902
4408
5652
4858
2553
5195
4110
4021
3571
4114
6315
2215
4879
4565
3983
6066
2697
3843
3103
4646
2234
4458
4421
5118
4615
4079
4968
4292
4996
4732
4788
4756
4503
5665
6971
4087
5370
2474
4063
6396
6913
2471
2162
2575
4293
4323
4076
5282
1730
4853
4698
5362
6419
3999
5911
6887
4622
4168
3750
6210
4501
5534
4117
2184
4600
4368
2078
6356
2221
4426
4499
4865
4818
5481
4845
2159
4246
4304
5085
4133
3976
6906
3500
6527
3993
4333
4683
4306
4260
3878
3
5250
7042
3926
4354
4149
4309
3997
3952
4473
4578
2589
3289
5946
4775
4653
6154
2201
5553
3944
5706
4450
3756
4501
2707
4489
7617
5483
4777
7420
5685
7008
3931
4205
3822
4487
4218
904
4446
4896
4634
8979
4877
5597
4684
4857
4251
4421
4578
4470
5564
3067
4216
2849
6568
3391
4011
5067
6620
4707
5834
5239
8827
4134
3252
4621
3518
4199
3993
3604
4323
4518
6974
4333
6587
3992
2086
7466
4520
4617
4781
721
3890
6519
5995
5396
6698
4037
4842
4594
4406
5400
6188
4489
4464
4174
5483
5784
5614
4612
3943
2496
4408
2626
4551
3312
2096
4554
4086
3053
2134
6653
4524
3932
5444
2938
4712
4046
3537
3387
6189
4764
5164
4727
3904
3733
5891
841
4515
4267
1901
911
4073
3973
1426
4445
7923
2265
4664
4307
3878
4305
3058
5328
7535
3579
7153
3347
4893
4731
5546
4701
5012
4579
4895
4144
4636
7612
2224
4251
3839
6785
4179
5976
4328
5002
4840
913
3991
3966
4504
7015
9593
7184
4160
5024
3857
5991
2254
4086
8791
4842
3763
4686
3886
3986
818
4847
6966
5595
4438
5265
5073
25
4247
4424
6455
4343
4758
5671
4220
5322
4457
4562
5197
4474
4279
8718
6268
4394
4405
3756
4023
9296
4672
4726
4534
4816
3298
3979
4805
4387
2185
4980
4428
4804
4751
4904
2571
3822
4413
3995
2036
3996
4287
4102
4574
3730
5418
8923
4722
4574
4006
3431
4248
5850
4263
4786
4769
4017
4160
3997
6848
6210
2718
4793
4005
3281
4103
4620
5919
8732
4695
4220
4154
4067
4154
4012
4633
4861
3976
4551
3402
4764
3946
4036
5758
5434
3965
4863
4073
4450
4734
6414
2270
3962
3958
5886
5035
4710
4771
4248
6221
4514
2103
3991
4871
3972
4591
4143
3434
4768
2590
4581
3256
3295
9797
4326
6206
6442
4582
4137
4884
6294
8513
4834
4909
4441
4413
6967
3395
2075
4296
4170
3987
3017
5544
2836
4562
4351
4843
4092
4029
833
4155
4155
7005
5046
4483
4133
3978
6996
5151
4839
4112
4844
4012
4709
2235
4641
4165
4328
6640
4884
3478
4231
8824
4559
4759
4759
4474
4050
2199
3810
3965
4141
6579
3970
3046
4201
2896
3899
4627
3505
3988
6886
5767
4637
4460
4337
7091
4915
4458
3632
2270
7225
4652
4187
3236
7207
6569
5322
4591
4732
7551
5330
5472
4774
4417
9894
4751
4531
3912
3479
3947
3978
4581
5641
4260
4059
4613
4741
4806
6934
4346
4498
4468
4218
4017
4113
828
4756
2961
4509
4516
2140
6934
2261
4657
4531
4144
4097
4880
3584
5862
4735
4969
2087
4304
6999
3558
4838
3197
5003
4844
4198
4792
4343
4678
5923
4301
3417
6262
4405
2198
5812
5524
6164
4586
4913
3619
4703
4470
3852
7455
4400
4909
4785
4491
4312
6193
4553
4126
4080
2461
4279
3182
4376
3668
4668
3061
4496
4555
5985
5217
3955
8982
6708
6907
3590
2585
6193
4039
4764
4183
3996
4565
5970
4029
4356
5402
4735
2999
2408
4437
2682
3359
4505
3740
6588
4053
3940
4516
6662
4005
5892
6182
4712
4050
4494
6937
2067
8486
6304
8894
6338
2933
4784
4095
3972
4004
4454
4910
4017
4006
5858
4771
6305
2938
4368
4571
3392
4222
3430
3838
4495
4293
4634
4030
4291
4929
8713
3932
3578
4482
4668
6053
4483
6929
4481
4097
2405
4504
4497
6289
5263
7072
4454
4581
4663
4708
4960
4389
2012
6143
4518
5234
2475
4042
3900
4811
5367
3280
5901
6543
2236
4722
5024
4931
3973
2307
3600
4839
5900
6819
2304
5514
6988
5896
4408
6988
6198
4111
4515
833
8144
4272
4211
3962
2361
6680
3234
7635
4706
4004
5987
4443
4368
4009
4822
4276
6595
3903
4025
3953
4577
4017
4866
4923
4745
6699
7338
3324
9176
2960
25
4815
4460
4823
4146
6806
4220
4027
4937
4917
5698
4672
4262
4525
4736
5337
4400
3431
4509
4719
3379
2084
4039
4959
4171
3976
4747
4762
6955
3644
4352
4105
4158
4246
4800
6108
3066
4411
4527
3980
6052
6150
4154
4622
3022
4660
4672
6262
4650
4887
4445
4177
4643
3988
4254
4581
4047
4429
4080
3998
4619
6980
4035
5166
6132
4553
1366
2968
706
4079
4453
3969
4043
3783
4599
3976
4490
4642
7462
4141
5616
5432
5198
4639
4990
4292
4252
5187
4006
5295
4059
4244
4040
4096
4822
4969
7413
4028
3559
4646
5139
3964
4553
4500
2371
4643
5936
4629
3691
4000
4278
3761
6612
4047
4849
5712
3941
4616
3916
3563
4877
4696
4504
4135
4992
7001
5823
4846
6867
5463
3131
4726
3453
3969
4755
2870
4426
3706
3410
3953
4577
4636
4732
4204
4287
8801
3798
4326
2081
4551
4444
4703
5081
3965
4900
4063
4076
3084
3962
4377
4255
4354
4732
5890
5327
2277
5234
4124
3749
4121
1182
8345
5282
4741
3404
4458
3965
4953
4656
4673
6232
4683
4382
4674
5520
2190
4327
2430
4573
7155
4009
4000
2124
4406
7011
3999
3756
5856
7951
719
4834
724
4285
5008
6846
2952
4886
3657
4186
4389
6978
4846
4985
4217
4133
3669
4299
4693
2166
4003
4679
6608
3955
4639
3581
5127
4650
2893
4542
3787
6564
4385
4047
1280
6681
4696
5100
4135
4722
4836
6307
4933
5498
4043
3978
4680
4128
2330
4844
4010
3355
4671
4756
5599
5760
4371
3811
3997
2829
4243
3312
5499
5653
6353
4204
4980
4978
3255
4605
4751
5605
2139
4428
3441
4451
4559
4031
5754
6048
4691
4347
2079
5367
4775
4100
4140
4702
3997
4043
7537
5774
4290
4635
6052
9512
2231
4775
3710
2114
4025
4785
4716
4308
4502
4429
4120
3588
4325
2408
2075
7719
2543
4719
4180
4331
5127
4969
4151
3989
3937
4036
810
2086
4810
4926
6664
4401
4434
4429
4484
3333
3437
5334
3915
4002
5184
4751
4435
5560
4627
4025
4054
3131
4178
6357
3057
3787
9459
4086
6584
6271
4111
3874
7180
4834
4813
4404
5982
3705
4837
4373
5521
4393
4233
4139
9915
4435
6234
6442
6617
3585
4986
4303
5090
4303
9147
4044
4492
4661
5665
4795
2261
5521
3831
6922
3749
5327
2520
3992
4747
5045
3372
3442
3996
4512
5173
4003
3754
2068
6680
3994
4558
4544
4087
4419
7539
6419
4129
4303
3948
4164
4485
2254
4321
4617
5186
4521
4154
3964
5139
4520
4136
3032
7000
4418
2064
7060
4421
4411
2356
4518
4840
4687
4567
3950
4881
4357
4123
5109
9971
7281
5906
3986
4383
4774
4453
4602
4477
4578
4005
4486
2165
4718
6698
2598
2100
4849
4478
6679
3417
3593
5176
3984
4105
4122
5946
4483
4284
4410
4494
4736
4165
4265
4079
4679
3661
4031
4459
2010
4449
4887
2206
3401
6599
4639
4105
4666
8578
4012
4195
3939
4881
4472
4289
4241
3712
5322
4482
3921
2170
3978
4514
4631
7163
4897
4150
4563
4037
4142
2675
5912
4446
4024
4724
4585
6536
2266
5869
4620
4968
5764
5985
3943
3053
4108
4091
4410
5945
5995
5566
4698
4503
4020
4460
4334
6132
6933
4771
3970
4430
4767
4451
3290
4204
722
5403
4486
3385
4123
841
4351
2879
4005
4364
6949
3379
4246
7848
4024
9895
1733
3706
5094
3983
4243
5655
4412
3351
5424
3083
3965
4115
4521
3361
4468
6995
4598
1174
4057
4530
5629
4052
4362
5624
2369
6422
3450
4807
4965
2754
4429
7004
9665
3944
3931
4614
2836
3892
3899
4084
4143
4246
3307
2857
4743
4455
6993
4661
4401
4086
4676
4863
5249
5857
833
6913
8776
3829
4427
4637
3993
3392
4807
3508
4936
3962
4513
4118
3263
5185
4814
4578
4007
4245
5395
4530
6877
5741
4479
1340
3954
5027
4284
4690
4052
4256
4552
3817
4882
5765
4417
8762
5008
5495
6053
4580
3661
3361
4412
6895
4274
1918
4635
935
3492
4616
2541
4023
5884
4551
5659
4455
4335
4125
3998
4377
5168
5358
4030
3873
5688
6740
4977
4523
4776
6810
4326
6137
4109
2871
6170
3177
4261
2943
6788
4690
4334
5112
5067
4102
4059
3959
2442
6399
4367
6970
3563
4923
8998
4681
9832
4754
3903
9862
4539
4636
8493
5292
4391
3364
4008
6612
4738
8820
4874
3645
8873
4415
4472
4364
6188
5712
4556
4491
4476
6687
3178
4477
3633
8563
4010
5834
4243
4482
2106
4627
4875
4736
4076
5515
4084
4677
5297
5910
5386
4125
5110
4366
5913
4693
4734
5871
4142
3364
5719
5140
6293
4016
4702
5423
3634
4037
4591
3381
4366
3135
1779
3383
4518
5778
3577
2545
5159
4101
4684
4806
5542
5800
4668
4878
4246
5730
4016
4966
6087
4112
3950
4416
6251
3723
3505
4008
4650
4602
4722
4121
4582
4660
4361
9665
2134
3432
4664
4416
5152
8726
5741
4846
2329
4779
4639
4566
5859
2590
5435
4522
6613
4527
2923
4011
4629
5607
4788
26
4015
4935
4784
4928
4405
2185
4850
4386
4345
6903
4157
3459
4731
4937
4446
4192
3810
3518
4657
3928
5758
3688
4747
4386
4344
3265
7047
4494
4725
1996
6977
8399
4622
5408
4595
3957
5507
2401
4672
6182
1706
4713
10000
3968
4668
4693
5286
5564
4938
2212
2333
5012
3995
4761
5191
6438
4776
6421
4220
4425
5081
4004
4732
4530
5688
4297
4861
5079
3315
8705
4582
5270
4702
4272
1176
7522
7236
8695
4181
4902
5597
4661
4328
2516
3844
4456
5756
4137
4533
6343
5218
4096
4093
5032
4405
5831
4565
3954
6780
7439
3046
3880
4453
4484
4032
5375
3539
3453
3959
5707
4424
4063
3699
3938
3943
4265
4506
3230
4540
2217
4750
5015
6750
4372
4652
4009
2218
4646
4440
5117
4859
3961
4653
6279
4590
3962
4268
4723
4919
1169
4073
4335
7017
4930
4372
3993
4898
4377
4139
3870
4062
4653
3485
4012
4080
3949
2963
4641
2381
7640
4863
3163
4638
4860
4531
4615
4360
5608
4011
4579
4234
5253
4516
3699
4119
2585
4376
3431
5988
6294
4810
4656
5320
4010
4598
4436
5998
4814
5075
4957
2916
5099
5202
2994
4421
2998
4106
4568
4642
4105
4037
5015
8756
4405
4344
4573
5096
4601
4395
4822
4425
4722
8714
2957
4312
4132
6950
7137
4040
4477
5968
2968
6798
5530
4024
6201
5275
4488
4433
4040
4954
829
3356
2143
3958
4165
5406
5463
4010
4316
4080
4812
4643
4517
4691
3990
8237
4308
4847
3973
4137
3425
5882
6200
4765
3929
4296
2371
8851
4485
4364
4800
3042
4705
4789
2867
5501
6760
7436
4223
6193
5222
6927
6457
6710
718
4408
3051
4432
2156
6565
3150
4887
3850
4473
5181
4016
4788
4471
4008
4731
4733
4241
4719
4661
5856
5841
4674
4034
3229
4332
4416
4082
4664
4394
4747
3543
6522
3960
4571
4690
4213
5520
4328
4084
4712
3717
2213
3966
5210
7428
4382
6871
4729
3959
4507
4743
3488
4578
2203
4810
4076
6869
5327
3929
4307
4700
3181
4473
2691
3958
8154
4385
5652
4683
4487
4446
6579
4535
7405
4012
3621
4508
5388
4212
3636
4555
3811
6294
3177
5838
4754
4580
3851
6588
4301
5567
5914
3951
3637
2979
4629
3640
7185
4434
4558
5124
4048
4210
3905
4341
4420
7759
4718
5027
3899
5164
3591
4526
4026
4654
4974
3895
4605
8722
4656
4477
4784
4372
2499
2445
5062
4512
0
3886
4884
2477
4014
2857
6187
4547
3017
4008
7367
5537
3986
7888
4038
828
5215
4435
4654
7533
3835
4118
4990
4845
2158
7848
3841
7782
3599
4750
4919
4552
4674
5366
2189
3969
4826
4012
4764
4183
5081
3077
4112
8890
4075
9647
5935
4900
3836
4254
6087
2290
4620
4641
4603
3976
4781
4105
3890
6449
2781
6856
3448
4250
4414
3380
5029
4121
4399
4978
2350
2067
4249
5923
2858
3967
4510
3208
9839
9305
4344
5236
4588
6501
5074
3757
3917
3702
4054
4111
3991
4173
4050
3519
3901
2995
6999
2198
6882
4256
3968
7013
4026
7018
4002
4159
4729
2887
4081
5141
0
7018
4010
4198
4661
3056
4846
5271
3972
4151
7316
4977
5889
5591
4504
4738
6683
4423
3086
8
3732
6433
4005
6704
4337
8659
4575
4644
7042
6447
4379
2944
3947
5039
4193
4407
4616
4376
2187
4135
4592
4346
7249
4758
4813
5754
3584
3869
4190
2163
3986
2166
4084
4162
4038
3723
5236
7273
6806
6881
4429
6611
3659
9694
4493
4023
3989
858
4006
4443
3299
4685
4316
4460
9883
3834
4173
3715
4297
6030
3995
3789
5766
4856
3789
4546
4444
6572
4079
5375
4356
2455
4900
6264
4786
4513
4011
6671
4843
4956
834
5661
4450
4321
3991
6132
5901
4783
4695
7535
3973
4823
4837
4000
4593
3479
4073
4646
6869
3952
5621
6701
5537
4525
3917
4610
4359
4415
4455
7613
5282
2392
4338
3573
4834
4677
5876
5846
6904
4251
4646
3355
4744
4263
4590
2949
2965
2500
4172
4331
4685
4092
5009
4191
4745
5403
6238
4944
6423
4761
4625
5497
3709
2332
3246
4352
4059
4640
4628
2852
4663
1730
8939
4656
4724
2919
4046
3972
2188
3288
6836
3736
9910
5694
3992
4071
3383
2158
6259
4394
2076
6404
3395
4452
6819
4302
4040
3396
3889
2484
4472
4389
3401
2127
6501
4333
3991
4517
6542
5033
4323
4511
2509
4564
5111
2833
4312
3971
4142
4824
7396
4006
4805
3352
5233
2068
4011
2424
4611
4118
4375
4782
4664
4091
4525
8894
4211
4876
3926
2366
9858
4634
4533
4738
4601
4141
4188
3399
4115
4305
3437
3383
4619
6647
4631
4711
3977
4960
5493
4727
3456
4409
4428
4761
5556
5069
4284
5643
4362
4107
4463
4387
4012
3387
4671
4982
4497
2856
4884
4546
4321
4073
4627
4294
3874
6466
5177
3417
4672
3975
2392
4135
2704
3876
2945
4517
6522
8062
5148
5008
4493
4531
5865
4674
4944
4672
8064
5885
3294
5043
4489
3853
4729
4628
5270
4190
4636
3050
3807
3969
2418
4447
7358
4965
6018
5158
5104
5032
4190
7460
4834
5638
4484
3503
4507
4366
4270
4007
7087
4470
4386
5128
5350
4291
9150
4477
4359
4631
3850
8362
3189
3549
5657
4818
4153
4545
2185
4533
2173
4110
4306
4151
4773
2556
3474
6253
3845
5740
4923
4937
5883
6164
4009
4773
5571
4122
4954
3339
3888
3512
6442
6426
6505
8668
3917
4638
5181
4650
4684
4280
6021
4787
3243
4266
4487
4013
2166
4131
4074
4904
3395
5182
3378
4685
4085
6564
4226
4129
4168
4091
3750
2686
8732
3994
4562
3959
2404
6353
3992
5694
6408
6484
3432
4011
4605
4761
4523
4254
4721
5454
4421
2770
4741
3925
8728
4480
4631
5385
4185
5793
4896
4736
4267
4433
3206
3978
3381
6210
4447
4758
4071
4281
5901
3968
4706
7568
4002
3668
4548
4388
7163
6983
7481
3936
5394
5367
3997
6103
4669
3003
1169
5467
6253
7615
844
4601
4437
3406
4197
6961
4453
4092
8825
4673
5860
4344
5411
3607
5892
4325
4680
829
4757
3808
4262
4077
4559
5095
4007
2250
4490
5020
5851
4786
4703
4286
4683
7448
6417
7138
4249
4495
4098
4346
4824
4784
4450
3799
3985
4478
4657
5072
3970
2122
2781
4492
4215
4751
3564
7184
3445
1650
4088
3578
4421
4097
3489
4450
3788
4453
3948
4430
6620
5076
4481
2232
2593
2230
4884
4583
4039
3364
6892
3161
5831
4717
3315
5988
3969
4489
3987
9935
6241
4416
2770
6243
5544
2218
8404
5863
4919
5503
5618
6315
4077
5909
3400
5911
4018
2289
3976
4601
4650
3359
2313
5692
3466
5738
3931
7267
3448
2616
4450
3967
4706
2226
3445
4887
4717
2052
4752
5237
4541
4711
4106
3877
6555
3980
739
3536
6577
4216
5198
4488
5988
3890
6527
5160
3986
4772
4668
5990
4822
6170
4179
4514
4762
2247
4421
4064
4075
5945
3065
3916
3065
4463
5024
4758
4486
8118
3392
4386
3550
4226
4510
3451
4914
4015
4539
4158
4596
3443
3361
3021
4555
3178
4555
4630
7114
4716
4132
3373
4941
3960
3964
3096
4706
5889
2081
3379
6668
4090
4657
4696
2857
5447
4073
3950
6716
4584
6286
4341
4471
4022
2124
3970
4240
7042
5932
3442
4261
4322
5764
3938
7342
6066
8
2228
3484
4570
3835
5844
6820
4029
4879
6640
4069
4029
6949
3368
6304
1893
4526
4455
4648
4020
2458
3904
3405
3212
5156
4316
4194
4839
4525
4132
3915
3999
6865
4417
4548
6209
2081
3933
4494
6782
4149
3985
4687
3574
2901
4535
4239
5946
4036
4875
4465
5762
2019
2083
4515
4042
4703
3564
4330
4667
6206
3979
4444
3945
8
4678
4975
4077
4412
4008
4162
5540
6608
6017
3996
3632
4140
2519
4503
4793
3969
4894
4340
1940
6427
4452
4582
4721
4446
4712
4299
2050
4863
4001
4979
4258
4513
4864
3877
5015
2679
3402
3544
4195
2089
4605
8832
8959
5163
2805
4655
3975
4694
4119
1174
5982
4568
4844
2122
4104
4103
4421
4313
7321
3359
6892
3445
4131
5923
4622
7931
5968
4485
3900
4525
4063
6496
1840
4439
4672
6870
5140
3637
5691
3551
6020
4396
4013
3010
4653
4733
4462
5664
5705
4444
4709
4674
4478
4264
3953
4661
4714
3955
3932
2172
3987
4508
4393
4678
4429
5650
4703
4760
5311
4130
5571
4653
4553
3946
5237
5925
3944
4683
4552
5727
4370
5887
3964
4656
3672
2521
6512
2668
4502
0
4491
5590
4705
4851
8265
2674
4394
2211
3558
4847
3998
8071
3455
4126
4616
4207
3382
3938
4716
3975
4293
4153
3985
4699
4017
4420
2163
5498
4331
3969
4579
4008
6520
2211
2438
3999
3872
6050
4491
4769
4220
4025
3584
4323
4500
4769
5034
2454
5639
2964
8927
4000
3832
4036
4250
4474
4334
3723
4298
6141
3972
8584
3833
4345
3385
8776
4520
2218
2259
4843
3992
3861
7041
4638
4454
4417
2232
4824
6998
3901
6276
2129
4944
6608
3995
4259
5061
4614
6671
6294
7289
4220
6354
8811
4151
2256
4263
4147
3980
6870
4090
7061
3329
4646
3921
3964
4087
4052
2944
4045
6060
4842
4618
4487
6212
4966
5629
5581
4150
3484
4044
4064
4213
7693
3416
8968
5639
7000
3736
5084
3492
5349
2269
6501
6446
2935
3221
4020
2946
6302
4063
4715
4658
4000
4910
4004
4941
3953
2075
6050
4242
4121
4444
5888
6108
4466
4016
4709
2291
4671
4687
3441
5126
6996
3800
4888
4003
3958
4526
5730
4665
6426
5730
3392
6851
3974
6663
4270
4280
4171
5106
6264
4398
4176
5195
4099
7343
4734
4722
4753
4650
3988
4890
4421
5573
4015
2090
4869
6607
2978
4343
7089
6881
4730
3891
4444
4968
3858
3315
4639
3053
4131
3060
4444
3638
4651
5712
5566
4655
3722
4334
4527
2420
6217
2600
7093
4758
4077
5616
911
3532
4092
6649
5178
4432
3969
4468
2146
3976
3612
3781
4588
4772
3937
5152
3442
2946
4006
4694
6011
5195
3990
4252
4711
4828
2113
4016
5029
2362
1982
4814
2473
5890
4333
4132
4223
4087
2108
4154
3734
4470
6718
4029
4520
4126
4272
2283
4387
7038
4039
3452
4599
4247
3977
4297
3598
5327
3974
4530
6044
4402
5026
3990
4709
4601
4304
5028
3455
4009
4522
4006
6018
4480
4471
4588
4843
4311
3894
3930
5003
2244
4427
5574
6195
4276
4864
4000
5514
4422
4290
4205
4398
4777
3142
4622
5213
4756
2260
8750
4422
2222
5774
4816
831
3920
4657
4478
4685
3952
2759
4112
3094
6981
4020
7353
4805
6197
4963
4388
4813
4539
2077
2418
4496
5539
3723
3076
3427
3932
6840
5947
5095
4282
4824
4107
3051
3383
2036
4722
4464
4839
4023
4570
7072
4005
5542
5158
4360
4079
4406
3551
4691
5730
2402
4018
4535
4006
6086
4672
4556
4293
4298
3933
6112
6269
4755
4147
4629
4087
4559
888
4120
4118
4113
4906
4838
2068
6230
6522
3568
2079
5116
6053
4829
4102
4096
2363
4004
4450
4261
4624
4121
4983
4124
4303
4261
4522
4252
2926
4096
4263
4107
7602
4160
3382
5123
4748
4371
4608
4411
4913
4018
3986
3835
5542
8137
4175
4270
3927
9003
4538
4328
3316
3876
2776
2172
3438
4435
4513
5579
4076
833
4092
4580
4730
6416
4177
6998
4272
4846
4773
3841
6663
5867
4768
6619
4477
4128
3252
4724
4730
3941
3601
4348
4631
5908
5178
4031
4912
3995
4276
8265
6164
6208
4632
4313
4891
4764
4145
5133
4012
7125
4292
5007
6947
2361
3680
4687
4136
4605
5507
4003
5518
3999
3950
3799
4579
2261
6040
4952
4416
4455
4309
6670
3969
4743
5256
4837
2166
4183
4409
4461
3706
8420
4285
4155
3429
4552
2512
2187
5635
9844
4426
6294
6163
4317
4838
1810
4217
5149
4391
3979
5568
6517
3850
2248
6232
5889
2333
7549
6983
2674
4355
4158
3390
4114
6348
5097
4411
4354
3401
4187
4014
5910
4775
4414
3481
4004
4921
4143
4455
4079
4272
4874
4836
4110
4122
3543
4635
7007
5810
3335
2409
3935
4275
913
4913
2125
4334
5863
4293
1083
4703
3965
4355
4860
6653
6139
3382
3450
5925
10017
4854
4307
1163
5469
4727
6367
6289
7018
4771
4445
4462
4574
6279
3872
4527
5218
4680
4845
3324
4270
3281
4315
5014
2867
4065
2282
9605
4113
4525
2333
6223
3723
4762
6697
4025
3976
4633
4126
4123
3292
2293
4642
4126
6682
4092
4042
4858
3924
5928
3790
1180
6116
6204
2344
4431
4126
4989
2528
4346
2525
4584
4460
4596
2242
3917
3768
2238
6640
3932
5626
4080
6670
2338
4794
4585
4131
4415
5807
4328
4616
2082
4270
5380
1434
4289
4749
4840
4050
4182
3065
4047
3983
4400
4644
4774
3298
4002
3619
4657
2221
7845
6786
4656
4216
2317
4255
4401
5134
4267
5057
5400
3930
3438
5894
3049
4445
6872
4664
3270
4710
5008
4009
4811
3577
4312
4022
4468
4005
4355
5015
3746
3383
3598
5325
6038
3011
2893
3968
3989
2177
4745
6456
5072
4211
3380
6308
4426
2360
4409
2879
4253
4025
4964
5050
4722
4653
4157
4596
2229
3960
4493
3944
4568
5975
4015
4762
4882
3039
6276
6009
4121
3659
3850
4292
4346
4366
4223
3885
3284
8229
6885
4664
4267
3849
4321
5101
4791
2080
6142
4971
4617
4307
4213
834
4439
4511
6439
4851
3055
6993
2424
3058
2232
4664
4328
5211
4223
4154
4760
3979
4887
4082
4096
4434
4426
4349
4622
4759
4920
4126
4896
4411
4902
5785
5149
6364
3964
4760
7454
4720
4061
4171
4744
5308
4483
2282
8
8295
4202
4020
3201
5339
3037
2689
6551
2217
2362
2194
5457
3977
3347
3957
4020
4422
4722
4009
6694
4180
3940
4791
4780
4089
4176
4517
4740
4006
5210
4395
4306
5375
4014
4430
2162
4476
4444
6983
4325
5916
4775
4524
5352
4005
4463
4218
4199
3438
1138
4709
4355
3969
4646
4616
6164
4028
4830
4076
4760
4773
3951
1922
2857
3966
4722
4621
8869
4230
6387
4577
3998
4250
3751
2465
2031
6072
3862
4084
6203
4084
4465
4046
4188
3519
3995
4000
4706
5656
4401
6429
4290
5556
4695
4613
4753
4020
4293
1417
6377
2559
6225
4395
4962
3914
5935
4650
5101
4565
6565
6228
4772
5648
4278
4277
4704
4314
4877
5691
4759
4741
4081
5659
4240
3829
4524
4520
4258
4289
3397
4615
5591
3882
2273
5827
2989
4669
4005
4035
5384
4042
4444
1923
4220
4123
4477
8411
4520
3929
8784
5991
8563
4937
4811
8241
4896
4695
4642
4811
3386
3628
4775
4661
3448
4286
4759
5508
5875
4683
5185
4101
4552
4781
8877
4412
4458
3981
3725
3539
4236
4168
4675
4714
2331
4148
6653
5399
9640
3930
3935
5604
5125
2076
5463
4426
2067
5420
1182
4664
4434
3985
4111
4289
3895
4298
4887
6859
4665
4467
5498
4355
2829
4121
2044
2388
3559
2857
6271
4580
4572
4584
818
3347
4539
3049
6845
2506
5188
4000
3952
4079
5968
6008
6422
3777
4253
3131
4410
3982
4356
1460
6261
6017
5896
4313
3964
5913
4653
4711
4655
5887
3982
4344
4925
5028
5098
4110
4674
6977
4255
4473
4382
7114
4389
4130
4393
4044
2053
2573
4487
6199
3934
2282
4657
5323
4014
4337
4912
3959
8648
4339
6406
4194
3656
3838
8488
3946
3871
4331
4090
4541
4015
4273
4189
8791
6373
4659
9694
4070
5489
4615
4223
3943
4487
3503
4317
3951
3496
4601
4698
1923
3584
2591
4749
6468
3968
3410
4160
7370
2250
8765
3390
2089
3950
4633
3091
6115
4301
4657
5253
4963
4494
4005
3389
2598
2754
4610
4992
3994
7554
4546
5430
2452
5348
3554
4470
3841
6855
3970
4446
3379
4517
4378
4676
4225
3553
5629
3654
4661
4730
4523
4646
4401
2282
5489
3973
6933
3955
3892
7017
4285
4366
4865
4218
4790
2030
5385
6470
4054
4489
2382
4562
6442
5286
3054
4594
2204
6687
4005
4083
4079
4400
8081
2707
3289
4299
4133
4633
4890
4034
5975
4228
6172
4000
3089
4478
759
4273
4010
4796
3781
5137
4768
4456
4297
5176
6663
4609
3935
3392
3891
5903
4220
4788
4516
3582
3981
4470
8775
7384
4059
4268
4439
5376
3363
5215
4455
4599
4629
4927
3806
4453
5016
4845
4222
3960
721
7318
4123
4011
6017
8356
6673
4554
4200
4744
6970
4004
4191
4086
3391
6547
3997
4420
4143
4493
3807
4629
5874
4435
4753
4002
5217
4253
2068
8769
4336
4301
4675
4427
3874
2182
6041
4323
4893
2943
3642
4220
4459
4681
3611
3931
6768
3935
2118
2436
4650
3988
3503
3421
6614
5415
4224
6238
4477
4020
3699
5947
6598
3945
4965
4177
4125
4451
4510
3909
4874
4016
4262
4250
2983
5316
5308
3771
4011
3378
4195
5195
4077
4405
7514
2552
4897
3862
3214
6239
4871
4139
4761
5127
3995
6702
4325
3902
4763
5932
4015
2081
4242
3951
4285
4008
4735
3873
3975
2375
5973
4254
4024
4804
3006
5096
4028
3410
3891
4052
4865
4104
2944
4040
4640
4005
4469
4714
4788
4586
4056
2937
4440
4652
4100
4005
2740
3964
5531
4492
4924
4020
3408
2126
3356
3963
4680
5540
4475
4321
5050
4581
5104
4665
7546
3269
5402
6954
3212
4706
5757
4078
4760
5824
4007
2246
3002
5223
2085
3945
4422
6993
4016
6961
2252
3874
5079
6933
4533
4822
4354
4541
4090
3453
3135
5225
2086
4652
5064
4294
4729
4509
4576
2242
4124
3303
4830
4496
4795
1810
9789
4524
5446
4930
5762
7008
4676
4410
4102
4694
6986
4618
4193
4921
1853
4275
3370
4197
6622
4843
4440
4005
2089
6265
5033
3798
6419
4097
5618
5508
4052
4181
3978
5009
4009
4640
4437
6123
4496
3960
4331
4812
4833
6101
4649
4587
3950
4701
5443
4343
4720
4538
4703
5945
6037
6003
4842
3960
3256
4510
4899
8948
3784
4671
4771
5679
4305
3557
4862
6871
4939
5955
4145
4013
4091
9895
4025
4054
4734
4721
3003
3982
4763
6848
4110
3892
4803
3178
6560
2234
4662
4655
4913
4218
1224
3921
3107
5391
6332
4081
4151
5430
4008
5416
3965
5098
3972
4844
4603
4614
4207
5803
4593
6876
4001
1817
4471
4467
4004
2373
4563
3003
2172
4235
6722
7072
5907
4090
3720
3201
6158
4350
3625
5945
9627
4646
4910
9117
4663
2330
4705
4909
4884
4771
4564
3617
4346
4436
3750
3977
6402
3262
2104
4794
5444
5942
5896
4228
3979
2376
5552
4161
6011
4429
5461
6124
3236
4506
3774
4448
3055
4233
8754
5755
4137
4087
7345
2207
3711
4141
4974
4909
4160
3422
2665
4980
6327
2930
7972
7481
4081
6044
4511
4478
4111
4012
2239
7236
4777
4523
4530
4000
3926
4740
5297
6896
3991
3960
4597
4410
4258
3190
4689
4186
6134
4557
6785
4306
4395
3558
6329
4435
5363
3984
4021
4619
4744
6205
4836
4008
5885
4707
4305
2242
4756
5412
4670
2833
4896
4105
4973
4969
3549
5394
4476
3996
4204
4056
6365
3659
4742
6260
4052
2233
2671
4832
4886
4807
7059
4474
3880
4292
4126
4526
4908
4094
2591
4488
4801
8626
4122
5008
4580
5882
2969
4653
4008
4262
3881
4656
4038
5000
4383
3559
3307
3282
4030
4922
4669
6796
4037
4120
3364
5920
2683
3513
4113
4432
4633
7057
4108
4640
4668
3916
4045
2422
4702
4180
4575
4116
6856
4835
4818
5396
6290
4884
7757
5430
5659
4052
7455
2763
4921
4397
4802
4450
4019
6985
3881
4991
2999
2600
4505
4648
4099
1693
726
4596
4004
4690
4042
8639
3990
2146
6878
5471
3845
5882
3976
6354
6717
4007
5531
2158
3941
9694
4876
2081
2142
3982
3970
4017
5324
3363
3962
9832
4264
3550
2071
3766
4395
3970
5275
4725
5715
4546
5135
4367
5722
3944
6388
5612
4939
2590
5567
2400
6168
4823
4899
6464
4328
5456
2333
796
9528
4983
3852
3791
4312
4077
3557
4484
4016
4034
3672
4453
4277
4602
4484
3872
4509
4046
6321
4175
6444
4601
8
5934
3440
3849
2508
4007
7615
2380
4482
4614
5009
4151
8510
3969
6697
4118
3643
5630
4616
4457
6684
2183
4487
5639
4462
6247
5350
4466
4370
3563
4683
4549
4897
3980
4002
2590
4782
4444
3877
4937
4499
4879
4753
4625
4618
2997
4847
3456
4142
7250
2360
4352
8032
4500
6559
2245
4589
8305
4352
4385
4640
5710
4710
2664
6217
4686
3448
3505
4031
5444
4620
3899
4034
4296
4740
2054
8831
3897
4020
4723
911
4080
2102
5815
6956
4445
4785
6820
5297
4171
4624
5368
4077
4543
4336
4151
5202
4533
4325
2203
2201
4018
3555
4669
4941
4239
4080
4794
3961
4446
9645
4349
4328
4765
4441
4996
4759
3052
8567
4466
2135
4128
3987
7294
3505
3987
8756
4416
4442
7358
8340
4841
4753
4664
4376
3235
4830
4804
4204
4796
4706
4704
5016
3656
5150
7055
2803
4970
3188
5729
4502
4681
4255
4728
3379
3974
5984
4176
2946
4845
4111
4578
6389
3059
6253
2869
4005
3437
4488
1840
726
4401
6308
4004
4124
5868
4117
5622
2146
4038
8545
3445
4991
4712
6402
5498
4219
4577
6823
2970
2235
8062
4673
6697
3816
3387
4599
4161
4211
3166
4503
5183
2935
5674
4724
3924
5074
5408
4706
4801
4340
4483
4486
4326
2790
4707
3979
3998
4750
6305
4014
4718
4454
6713
4350
2338
4826
2564
4701
4088
3859
4700
6203
5547
4267
5448
6271
6020
4076
3052
4094
4587
4354
3062
2545
3992
8646
3922
4079
6013
3954
4974
4657
4785
4244
3954
6892
4124
4424
4143
4513
5206
4871
3740
4323
5647
6594
4035
5108
2508
5934
1193
5396
6672
5463
2068
4831
3380
4479
2562
4733
2282
4433
3015
2959
5656
4314
5857
3490
4301
3887
6015
6677
3927
8998
5935
4049
8825
4585
3460
3564
3662
8421
6503
4300
4504
6293
4792
4500
4054
4587
7125
4131
5415
4840
4581
4392
4734
4485
2815
3465
3471
3851
4006
2532
4789
4040
5920
3077
6705
6535
3533
2167
3901
3916
4689
4120
7511
5968
5091
4968
2241
3936
4006
3542
4459
4052
4673
5618
4845
4629
4950
3588
7498
2518
4772
4875
4636
6304
9116
3427
2790
4821
7253
4602
6796
2037
5911
5234
4675
8765
3312
4846
4771
4157
4404
4621
4866
4092
5009
5566
4001
4872
4101
3811
3407
5172
4130
6142
4014
5375
2673
3480
4422
3852
4788
5006
4755
5347
2557
4634
4029
4756
3150
3749
4228
3055
4665
6861
6848
2979
4729
4640
2543
1321
8411
4156
4334
6063
3810
3554
5662
4017
4010
3480
4881
5038
3998
5751
4017
3466
4123
4020
4530
2650
6641
4281
6037
4885
6485
6375
4889
1175
7440
4881
6997
3969
2206
4137
4712
8771
4118
4878
4454
4519
2125
4842
4707
2862
5012
4668
4315
4058
4043
3952
4503
4446
4499
4077
4542
4349
4348
4102
5445
7049
4031
2224
4123
5641
3976
4060
4090
4692
4528
4519
4335
6837
4377
6889
4518
5175
4646
4549
3917
2071
5635
6194
8681
3440
4092
3844
4336
4077
3857
7984
6308
4676
4498
4021
4522
2764
7811
7042
4101
4112
6845
6137
4878
5661
5289
4009
2744
4767
6052
6367
4527
3061
4387
5134
4548
4104
3131
2156
3977
4140
4171
4122
5540
6572
6143
4212
8676
5482
2596
7016
0
3619
3432
4473
3791
5020
3539
7149
3972
4687
4438
4076
2109
3423
3969
4501
6104
6248
5385
3669
3922
5665
4044
3072
3132
4079
5792
4508
2477
3182
4881
4855
4939
4128
4010
6861
3007
5463
6384
2015
4785
4801
3598
5756
4035
3988
6840
3976
4023
6251
3362
6863
5800
4008
4050
4915
4011
3381
6079
2763
7523
4288
4202
5017
2101
3421
5250
4481
6688
4549
4960
4779
4447
2182
9393
4738
3710
4199
2962
4777
5360
4812
4434
811
2242
5166
4710
5983
3054
4699
4393
6676
5041
4343
4422
6891
4289
4086
4605
4820
4722
4328
8906
3926
4324
3270
3979
4013
8674
3414
2538
4346
4950
4452
4514
4113
2019
5456
2071
5717
4921
4676
4527
2743
4535
4822
4549
4328
1924
4661
4942
4528
2421
6956
3693
2944
3354
2661
4428
4475
4745
4528
4660
6530
4603
3656
4294
4515
3224
4957
2093
2057
5704
4436
4277
3911
4527
5966
5500
3881
5661
4674
4456
4625
5896
3479
7497
4124
6053
6470
4241
3232
3990
4726
4708
4667
4485
4595
2179
3973
4536
6329
3432
3775
4887
4384
4006
4070
5500
3764
6594
3983
4414
4022
5251
4663
4648
4079
3450
4516
2014
4165
4863
1129
5970
3589
3705
6891
5616
4111
5465
4908
6003
6622
9637
4000
5562
5370
2228
4589
5055
3969
6200
4246
4366
4837
7207
4960
4581
4237
927
5889
7007
4519
4668
5470
4045
4672
4005
4559
4135
4942
5479
2483
3312
4474
5647
4052
4525
4135
2177
6027
5826
6280
4316
3445
5120
6723
6219
4280
9063
2600
2369
3351
4087
4710
5434
4296
6130
4660
4554
4930
4967
4806
4759
6484
5957
3394
4383
4494
4086
5130
5152
9801
5976
2405
3397
6684
4863
4120
4031
4391
2293
8637
4512
4564
3052
3903
3678
3916
2856
4007
4368
5946
4267
5176
4246
3416
4412
4621
4122
4787
4724
3972
4850
3672
4048
4692
8278
5036
4246
3402
5970
4821
6679
4272
2973
4367
5947
4008
4414
3851
10016
4336
4377
4582
6696
3246
8408
6321
4341
4936
4025
6225
2568
3182
5007
4256
3987
5846
4715
4755
2027
6995
4279
8079
2830
2068
4511
3222
4618
7582
4510
1996
4661
4650
6343
5188
3963
3039
3427
3053
4171
4090
6142
4397
2968
4592
4022
5142
3922
5061
832
5739
3938
4845
4364
4719
4834
3961
4768
3536
2230
4060
3744
7225
6365
4617
4040
4951
6675
3858
1162
4650
5841
3968
4340
4811
4271
3188
3355
5484
4020
3380
3574
4423
6881
5114
4706
4091
5768
3341
4005
4075
4502
5586
6698
5903
3964
2968
4936
4490
3793
3977
5178
4634
4506
4428
4806
7484
4345
5497
5802
6011
8345
3625
4499
5055
4199
7604
4368
3394
3933
4432
4137
2996
4079
2468
5116
4014
4520
6325
4746
4562
4301
4484
3246
4375
3560
2967
3916
3454
5704
7565
4373
6276
2185
4211
2083
4641
5650
6143
4099
4482
4652
4475
9712
6517
3635
3373
4689
3509
4589
3336
4698
5491
2480
8821
5504
3056
5210
3983
4023
3957
4571
3684
4070
4509
4241
2679
4095
4525
4681
4477
5024
6169
4509
4640
4838
6215
4361
4088
3541
4231
4037
4831
4212
4637
4684
4538
4115
4844
4786
4104
4165
4330
3021
5713
4636
4110
5400
2952
9131
4010
4503
769
2766
6144
3581
5988
3958
6380
4622
6936
2952
4824
4558
4262
5706
6595
4833
2167
3340
4972
5676
4693
4021
5841
2089
6417
4005
4581
4547
5467
4804
5885
4004
7514
2075
4767
6034
7294
2075
4858
4273
3536
4331
4761
2704
7406
4126
4639
4546
4410
3811
4803
5512
4032
3918
3960
4189
2534
3848
4080
4578
4766
4346
4853
5041
4705
4505
4730
4274
4570
3098
5928
3659
4586
4484
4518
4717
2186
4694
3999
3849
4813
3998
4775
4388
5525
2168
4481
4485
4654
4027
3713
4574
2855
2574
3972
4416
4900
4018
4136
5533
2228
4116
3984
4620
4512
6647
5963
4144
4772
4383
3992
4302
4644
3992
4055
4707
5031
5388
4705
4580
3095
4476
4070
4351
3847
2449
4110
4490
4726
3232
5125
2585
4252
4148
3155
6896
3769
4385
5916
5306
4411
5417
4041
4517
4051
4126
3982
6029
3916
4034
4236
3909
3045
5187
4085
4075
6210
4568
6892
4363
4590
3895
2111
4747
6251
4888
4447
4401
3390
4225
5103
891
3182
4675
6751
4595
4435
4007
4115
4861
4123
2933
4671
5564
4899
4249
5961
4748
6848
4483
4489
5417
4057
4181
3630
3667
4401
2950
8
7492
4144
3223
4640
1914
4079
5062
3984
6480
1168
4236
5008
2571
4846
4034
6108
4158
4822
2946
4576
4666
4018
4053
6190
4127
4126
4579
4081
6937
5119
3937
3972
5717
2241
4018
4527
4716
5174
3061
6014
4799
4407
5258
4233
2205
4804
5333
2711
5562
4262
4267
3274
5448
4883
5158
2805
6002
2580
4673
4475
4404
7060
3953
4079
6284
3353
4118
3922
3668
4076
4523
4691
4337
4475
4546
5667
3781
6823
4243
4431
3003
4617
5610
3702
6387
4796
3061
4157
4142
8705
5543
6305
3638
3995
3320
4075
4695
4136
3066
4395
5534
8804
4815
4729
3369
6535
4674
4884
4786
4516
3621
4820
4298
5334
4096
4452
8071
3430
2066
4759
4780
4033
8639
3859
8
5772
1972
4711
4990
4557
5923
4896
4634
4039
4209
3998
2066
4571
4428
5667
4248
5483
2694
4435
1796
4707
4004
6546
3557
1914
3223
4091
4869
4769
4307
6018
4804
4008
3975
4452
4448
4540
5601
4456
7088
4042
3921
3929
5326
3705
4532
769
4456
3895
3057
6602
5871
4386
4558
8273
2612
3361
2063
7615
5384
3992
3490
4096
4125
4087
4262
4235
0
3119
3407
4686
4647
5372
4581
4731
3095
4675
6071
4674
3538
7257
2951
5297
2978
4464
3376
5632
4445
3821
5279
3947
4726
5925
4115
4732
3352
2073
6466
3260
4681
4614
2138
4073
3878
3579
4522
4962
4131
4165
4584
4401
4849
4311
3944
5815
6588
4634
8790
4356
3758
3838
3788
4045
6355
4671
9470
1163
2327
2258
5714
4331
4660
5223
4236
3922
6282
4405
5880
6237
5902
4487
5890
4628
3998
4522
3933
4677
3450
3720
7422
7073
4154
3987
4479
5197
4730
4110
7478
4184
2575
5779
5211
5085
5694
4399
6565
5613
4810
4778
6806
2282
4212
3387
4355
4086
4446
4862
3656
4943
4334
4390
4526
4254
4535
4790
3448
4540
3401
4700
4755
7048
3984
2760
4268
3339
4005
4272
4040
6737
4042
4068
4127
4038
3521
6713
4786
4125
3290
5853
4606
4467
2111
4450
4072
3718
8872
4939
2402
3944
4044
2434
5007
4742
4753
4617
4462
4133
6334
4464
4042
0
4165
5061
3307
6389
3982
4539
4270
7302
4642
5691
2637
4050
6967
3587
4765
3135
4665
3181
2711
4614
4437
1177
4093
3981
6287
4483
9692
6972
4565
2133
4424
4476
4104
3062
1156
4752
3999
4842
4397
4681
4485
4927
4176
4736
2259
3361
3958
5985
3973
4099
4519
6724
4463
3731
4888
2421
4354
4909
4013
3956
2203
4569
4744
4122
4727
4642
4460
4092
4213
4915
4046
5006
2152
3176
5179
4564
4428
4400
4546
4103
5276
4142
4439
4370
5659
5467
2167
6389
4142
4816
6774
3730
4510
4913
4757
4116
3976
3926
5345
4830
5902
6909
4286
4696
3385
4951
2167
4363
4765
4430
3924
4210
5183
4960
4710
4002
3345
4551
8770
4068
4539
4058
4247
4388
6456
5166
2113
7614
4036
4011
6047
4568
2559
4112
1747
4250
3036
5365
0
5139
4530
6702
3157
7107
4745
4096
4629
4656
4360
5667
2045
3531
5665
3081
4475
3787
4664
3969
4320
4565
5367
4907
5506
2553
4512
5297
5640
2361
8
3992
4839
4257
4445
3811
4444
4278
5016
8880
6209
3998
4454
4039
4211
6781
4474
4576
4242
4013
6047
6609
4429
3621
4611
4712
4354
4606
6109
5068
4311
4684
3178
7621
6296
4474
4075
4137
4168
5973
6342
2271
5928
4574
4435
4478
2023
3638
3989
4784
4010
4784
6161
6339
6761
2369
7102
8137
4174
4785
4677
4525
5968
3882
4401
3516
6115
8420
3534
3998
9992
5042
4617
4294
3439
6781
1914
3964
4761
4165
4165
4694
4709
2637
3303
4123
3634
6943
3050
3560
2145
2185
6781
4337
3872
2966
2365
3996
8
4505
3898
4744
4022
4759
4383
4435
865
4513
4927
6021
6975
5218
4365
4447
4819
4691
4253
4898
5670
4213
4095
2515
4722
4488
4486
4651
4007
4006
4787
4492
4002
2172
4090
5648
6406
4685
5119
6202
5902
3968
4760
4229
5655
4579
6717
4684
4615
5179
4356
4451
9011
4703
4195
4092
3963
840
4096
9089
4023
4282
2106
5221
3985
4498
2449
3862
3952
3319
5338
4123
3455
4550
6413
4147
5061
3252
5230
3644
1149
3782
4436
6606
5747
4688
4008
4483
4086
2536
3339
6200
6702
4517
4474
4320
4845
4839
3301
3972
4306
6594
4564
6040
4237
4832
4452
4849
3980
4561
4785
4288
4620
2770
4965
4509
4757
4771
3952
4893
3051
4096
4073
4491
7372
4727
6051
4603
4596
4634
4848
4104
5032
4662
4696
3454
3749
5640
4491
4063
4059
5028
2434
4483
8283
2392
6289
6643
4356
3023
7001
4326
4747
3968
4479
4200
4315
3241
4841
1970
2815
4460
4465
6970
4558
4124
4854
4003
2215
5740
4013
7004
3010
4357
4512
8632
5087
4044
4986
5104
3998
2803
2955
5613
5103
4163
3274
4174
4643
4222
3561
2424
4688
4409
4147
2254
4360
5605
4021
4398
4056
4669
3697
2533
5040
6101
3635
4555
4750
4694
4426
6950
4621
5264
4764
6440
4826
3032
5036
4451
4750
4669
1384
3524
2461
4260
4884
4441
5015
4108
3410
4055
7278
5150
3452
4804
3756
5531
4004
4614
4005
4826
4280
2979
5546
2205
3447
1893
4821
24
5540
3887
4442
4423
3213
4040
4541
5091
4225
5249
5168
4226
3645
4337
2115
4474
6115
2277
5681
4208
4770
5903
2263
4141
6417
3979
6159
3889
4709
5640
3051
4836
2359
4818
5001
4428
4002
4401
4096
4719
771
4436
4659
6431
4887
3997
8
4551
4009
2765
4347
4904
2938
4002
4020
6695
4895
3660
1175
6036
4898
4333
4773
3505
5422
4729
4506
4495
4142
4174
5043
7017
2785
716
6034
5922
7946
6396
4250
2963
4762
5103
4611
3390
4128
2586
6999
4768
5730
5311
4243
5913
4505
2970
5337
5365
6044
4011
4142
4009
4607
6848
5142
4696
4842
5122
5760
4337
4435
6426
5372
4581
4437
4000
5874
3899
2137
5527
4525
4135
3945
5249
3886
6776
5022
792
4026
2537
4695
4826
5922
4104
4711
4530
4199
4538
5537
4144
4564
4128
4680
4084
6598
4422
5627
6284
7582
4478
3058
4195
5104
3399
1878
4446
4341
2050
4736
4641
4991
4002
4096
5857
4880
4187
4810
3995
3508
6945
3957
3543
4012
8439
3981
3716
4602
4510
4403
4784
2243
6037
4012
5325
5601
4896
4020
4334
4588
5169
5174
2408
4767
4607
3867
3718
5600
4433
4707
4328
4823
2124
3791
2128
6807
8260
4416
5817
8615
4668
4263
4175
6223
4570
4785
4782
4265
4440
9910
4717
6520
5874
6849
4172
3565
4643
6660
6783
4362
4387
7370
4458
4550
4290
5133
6204
4731
3939
4273
6689
4105
4076
3847
4340
4829
4473
4470
5185
3922
4353
4009
5605
4471
4494
4483
3998
4466
4486
4471
4776
3398
3760
3947
6708
5685
4699
2533
4476
4530
2238
4820
5902
3692
4898
5586
2490
5096
4119
4106
5154
2904
6668
3983
3060
3849
4746
7
3917
4107
4666
4856
4519
4014
6154
3973
4507
4574
4818
5834
6020
4753
7143
4261
4312
4068
4469
5009
6934
3850
3917
6825
5201
4263
3602
5242
6192
4679
2126
4348
4321
4661
2063
4709
3945
4673
4023
5640
4465
4481
2538
4165
6208
3891
3410
4216
4722
5236
4766
4663
1168
5661
4452
4293
4665
4349
2571
4661
4785
3988
4377
4510
3453
4802
5998
4156
2698
6664
5062
2099
3200
4580
5437
4104
4450
3990
8426
4622
5311
4439
3659
2222
4365
4727
5036
4654
5396
4356
4149
7585
3581
5719
3786
4128
6159
4286
4045
4427
3996
4035
3984
4294
4698
4732
4447
4001
4466
4560
1150
4431
5427
4129
4662
4904
3377
6820
5362
3228
4526
4635
4175
4531
840
4484
4804
8869
3975
2172
3015
3838
4476
4062
3447
4428
2780
4579
2152
4684
5950
4248
4006
4883
2109
4787
3816
3533
3822
4492
2062
4327
4432
4581
3342
4534
2995
5439
4681
3973
4060
1182
6103
4452
904
4693
4666
4089
2161
7541
3381
4441
4117
4400
2329
4763
4410
3980
4965
4955
2810
5008
4265
4478
4848
5951
4086
4431
4541
3182
3204
2205
6426
3434
4970
4762
4620
4705
7017
6733
3263
4111
4050
3926
4774
3969
4012
2233
4490
3696
5389
0
4752
4166
4400
2650
6906
3929
4193
2668
2066
4018
4200
4074
5669
4479
5311
8790
4011
7006
2449
6608
4674
4899
5078
3835
2395
2662
4922
4718
4603
4799
4171
4665
4025
5166
2563
4249
3894
4503
6040
4302
3854
5627
4777
4136
4427
3400
4940
4747
4411
4361
4613
4690
3092
4086
5139
2522
5570
1920
4069
4220
5989
7989
6933
6479
3949
2225
4250
4357
2182
4764
5891
3974
4719
4853
3954
4332
4126
3990
1950
4500
4687
4857
4544
4604
4587
2805
3999
3627
4641
4011
4630
6289
5323
4747
4537
4624
4128
4615
8805
3521
4397
4971
4011
3992
4002
4561
5751
4978
4098
4183
5681
4563
4247
6995
6017
4584
4502
3891
3965
4700
4676
4572
4408
5671
4849
5106
4127
4721
4114
4377
6256
4844
9891
5650
6322
4607
2166
4654
4232
5013
3262
4217
4000
4820
2082
4616
4105
3983
0
4087
4464
5906
5679
2200
4642
2488
4443
4455
4495
7650
9747
5827
5396
4878
5130
3958
6834
4719
3960
4365
4551
6442
848
4109
5984
3995
4140
5793
3870
3875
4852
4586
6551
4254
4472
4092
4452
4672
4038
2157
7504
2264
4531
4680
7025
2077
3402
4466
3995
6580
4218
6408
5944
6150
3991
2282
3032
3256
4202
5666
6226
4654
2926
1446
6512
7273
5360
6588
4850
4661
5865
8649
4707
7957
4810
4258
4492
4663
3560
6116
4776
4658
3921
3965
6348
7017
5423
4663
4773
7008
4112
4301
4904
5063
8078
4081
3969
5681
1040
3898
9855
4072
3477
4448
4293
5684
5882
7114
6698
2158
6700
3494
4013
4722
2424
4575
5213
3557
6356
4276
3638
3062
2392
4014
4860
4366
4744
4782
3359
8809
2003
4470
4517
4427
3988
7501
3789
4693
3941
6978
4554
4558
4055
4166
5527
3203
4523
4059
4016
4584
2081
4400
5914
2219
3904
4431
3397
6945
9067
4027
4433
4094
6620
3661
3843
2207
4910
4151
4655
4692
6112
4392
4045
4323
4228
4515
5774
6941
4930
4448
24
6387
5567
4019
4129
2174
4368
4725
2154
4195
4035
2681
4607
6849
1984
4901
3989
6402
3582
1166
2244
4024
4332
2168
5193
4632
6751
4437
8816
3714
3963
6014
4512
4505
4434
6916
2076
2480
5591
4125
4093
4342
4480
4592
4767
4044
4480
4861
4316
1117
3587
4535
3916
3971
4367
4527
6944
3438
3898
4868
4019
6095
4008
3426
3958
8239
2075
5703
3697
4629
4011
7639
4016
4875
4802
4715
3094
4520
3964
5641
4112
4426
3885
5376
4039
2283
4362
7557
5348
2852
4420
5885
4106
4015
8968
4551
4497
4093
4460
4782
6671
8521
4880
2691
5493
4775
6514
4904
5368
4834
3390
5727
2424
2539
4521
4695
2742
4447
5104
4703
3975
4320
3380
3833
4790
4091
6933
6804
3638
4343
4441
4141
9297
4612
3449
3652
4320
3964
3724
4824
4398
3427
3654
6077
4162
6984
3805
4389
4500
5389
6135
8753
4511
4440
8805
3809
4989
2186
3788
3811
4425
6163
2545
5528
4195
2344
4440
4428
4673
4436
3996
4083
4435
3957
8820
4951
2227
3386
1521
3543
7346
3056
6175
5210
2533
3450
5034
4470
2470
4656
2235
4601
5329
3456
4830
4147
5626
6334
3921
4512
2951
3466
4452
5411
2447
5741
3066
4160
4584
7420
2948
4409
2160
6377
3923
4235
4357
4336
4345
4784
3046
4428
4165
6017
6825
4165
3422
5202
4333
5031
4020
4422
5945
4033
4259
4561
5738
3888
4424
6913
3706
4428
5153
3077
4838
5456
4763
4641
4989
3519
6804
4273
4065
5894
4693
2885
4548
4768
4745
4739
4008
4180
2959
5092
4002
2207
2969
4695
4836
4442
4693
4165
4765
4617
8740
3364
2226
4003
6995
4900
1182
5061
4680
3356
2177
6235
5388
5609
4026
3901
2207
3783
4164
4268
7751
4028
6698
4015
2983
4134
8898
6937
5152
6572
4076
4546
4540
7345
5916
4064
4505
2434
4539
4454
6651
4664
4204
2046
6673
3920
4501
4248
4007
4012
4527
4705
3011
2400
3874
3963
2062
4168
4936
3954
3551
4336
4470
3621
4842
3178
3787
4262
4821
4835
4363
4470
4329
4239
4554
4967
2936
5816
4683
4006
4366
4064
4318
4050
4398
3937
4419
4926
3339
4488
4080
3817
3956
3731
4525
7089
4483
4184
4439
3132
3286
4223
4095
4455
4511
4565
3972
4012
3149
4026
4395
8203
4588
722
4410
6364
4560
2867
4647
4228
6393
4396
6387
3634
4502
4003
2076
6206
4792
5181
4452
4723
4971
4273
4860
4854
4121
4121
4229
4235
2200
5621
4784
4494
4467
4651
2534
1037
6009
3990
6270
2080
3555
6187
4126
3874
2357
4357
3355
2781
4121
4423
4602
3434
7278
5521
6163
7145
2570
4403
5757
4503
4916
2534
6149
3855
8724
4598
4551
833
4723
3252
4240
4500
4620
3947
2063
4455
4719
3964
3551
4087
1176
5595
4165
4493
2615
4315
7758
6023
4090
6679
6286
4504
5656
3363
5103
4505
2857
2243
5152
3889
2330
8496
5068
3603
7257
3970
2465
5168
5785
4478
5896
6592
4125
4614
4878
4006
3350
4387
4529
4824
4483
3380
4629
4916
6034
4783
5987
5036
4758
6937
3957
4308
2371
2060
3619
4128
4409
4404
6676
4681
5167
4430
3790
4147
4578
3803
4144
6990
6934
4100
4503
4530
4719
4849
2489
4392
3973
4410
3518
6339
4802
3545
4414
4677
5036
4190
5932
5629
5294
2833
6241
3565
4723
4804
3324
8064
4457
4417
4112
4680
4731
5760
4076
4862
2330
6233
4170
5625
4608
4462
5069
6961
3958
3962
4663
4837
3089
6641
2465
4259
4502
4226
4470
3549
5064
4063
2114
3175
4255
8
4785
4087
2942
6627
4021
4298
4107
4628
6975
3051
4221
4871
3969
4456
6708
4685
2124
4377
7054
5141
4289
4752
4905
5684
4974
6456
4290
4747
6010
3235
3965
6725
3928
4072
4690
4082
3384
2519
3775
6795
5219
5582
4808
4105
4768
5579
4476
7185
4021
6399
5081
3711
8
4431
4318
4828
4190
4475
5396
4525
3411
4192
830
7731
832
4664
6682
4534
3499
4904
5783
6185
4663
4126
4122
4695
3969
4426
5292
4168
5022
4146
4634
4008
4355
5240
4629
3026
3417
2253
5021
7120
4620
2199
0
4597
4716
9011
4116
1515
4189
4071
2650
2548
4103
4091
4124
4645
4498
3951
4557
4286
4612
4282
4829
4159
4311
5055
3945
4231
8616
4401
5418
4157
3052
6932
4111
3380
6322
5637
8356
5282
4429
5186
2793
5572
7585
5397
6030
4116
5099
4471
3587
4820
4681
5105
4293
5890
7540
4732
7356
4976
4105
7048
3952
5661
4115
8989
759
4286
1460
5183
4506
4476
4923
5907
4663
4124
3963
5807
4599
5
4574
4464
4082
4728
4227
2032
4852
2148
4001
7533
4105
1786
5886
5916
4061
3094
2356
7038
3910
4045
4031
3204
5714
3393
4681
4450
4984
4839
3877
4530
5846
4708
2091
3531
2282
1165
5889
4022
5106
6929
2983
4687
5489
6387
6491
4741
4925
4402
5142
6994
3954
5611
4985
6999
8831
3355
4634
4808
4092
2146
3534
5101
4331
3561
4525
3907
2270
4459
4444
4125
4010
4092
4713
4780
3914
6233
4077
2215
2151
6387
8438
2744
8969
2063
3078
8267
4864
3981
4316
4792
5060
2221
4189
3743
5480
4392
4978
3578
5591
3559
4340
4818
4304
3076
4151
4754
4278
2244
6844
4151
5665
4896
3200
4705
4665
6905
7074
7286
4291
4262
2933
9296
4720
2085
5923
4575
4617
4781
3819
4624
3342
4513
2706
4506
4563
4641
5056
2167
4025
4664
3969
4006
4671
5812
4089
5643
5227
2966
4692
8261
4828
4642
2223
4091
6157
4474
9879
4879
4646
2327
4785
4047
3987
2526
3989
4025
4699
4716
1169
3078
7225
3491
3690
4803
2232
4707
6053
6262
4735
8539
4098
3678
2863
4653
4650
4893
4008
4311
4003
4751
3799
6660
4624
4173
2242
4893
4013
5258
4739
3827
4189
4778
3769
4246
4036
5201
4633
4102
3135
4316
4680
3183
1901
4761
8286
4763
4474
4429
4255
6691
4116
2406
4135
5482
2741
3392
4968
4429
4085
4423
4525
4202
7480
6572
4302
6485
4886
3490
4753
5637
4546
2192
3989
4904
4002
7059
3490
3415
9631
6023
4816
3695
5007
4183
3530
4404
4228
4261
4871
5611
3988
4494
4020
5345
4427
4124
4663
4016
4489
4875
3944
5871
4071
5087
6579
5423
6599
3409
6103
4051
3834
4029
4282
5135
4007
6041
1221
4666
4837
4673
4117
3903
5170
4767
3235
4328
4955
3939
5809
6389
5250
6581
3643
4429
2589
4628
8726
5350
4695
6956
3983
2938
4793
6985
4216
4026
5152
4328
4285
1752
4982
3436
4942
4659
3518
4006
3913
4674
5679
4716
6271
6750
7472
3001
4033
2012
4541
4464
3379
4180
5137
3553
4790
2294
3283
4483
3530
3726
4173
3979
3932
4967
7052
3885
4105
2944
4667
4334
4850
4367
4717
4454
6193
4315
5895
4126
5084
4963
9152
6216
2936
3059
4429
8778
6805
3502
4721
4914
4309
4554
6946
2880
4506
5225
4678
3626
5441
4014
3820
5972
6878
1339
4396
8486
3872
4268
2074
4631
4668
4825
4122
5916
5386
6452
5265
4342
3935
4812
3844
4983
4657
4107
4212
5702
6885
3647
4907
3295
3991
4091
5118
2405
3711
4476
4439
4452
2983
3410
3544
4657
4850
6985
4097
7272
4151
4019
4115
6993
3476
2037
4714
3003
4136
5694
4002
3985
5317
5976
6971
7485
4574
4885
4859
4348
6072
4546
4302
4100
4439
5949
4095
3921
3397
5659
3529
4273
5857
4112
4274
4674
4523
2563
2998
4444
5137
4568
3769
4608
4082
3966
4493
4097
4620
4382
1444
4614
4558
4945
4952
4071
2076
4955
4462
4758
4370
4688
4367
2273
4844
5934
4989
5063
4568
5662
7428
3544
4512
4145
8852
3999
3982
6192
4227
935
6157
3977
4665
4295
7540
4310
5844
4747
6701
4501
4691
5291
2240
4303
4499
4091
4234
3256
3455
7600
6929
5422
3563
5345
6983
3809
3991
3854
4422
4247
4771
3454
3973
4340
3931
4241
4431
4003
3873
4319
4282
2707
4353
3502
4025
6226
4010
3766
4726
4026
5063
5036
3255
6535
4668
6294
9899
2419
3434
5625
4443
6193
4879
6020
8589
4389
4864
4439
4248
4714
4064
5063
4144
4700
4292
1792
4460
4430
4123
4888
4743
3062
1180
6150
4577
6024
3975
6210
9778
6947
3872
3973
3066
4147
4020
2997
3934
5780
3431
7283
3962
2993
4122
4093
4283
4122
4229
4806
7284
2332
6708
3749
3385
4091
4695
4640
5339
3127
4621
4298
4054
4510
4636
4171
4250
4835
4661
4133
4457
4086
4321
4407
4408
3339
6519
4156
3434
4510
2200
4475
6297
2271
2740
6048
5459
4469
5213
4833
3867
4356
3616
2893
2215
4438
4143
4399
4434
4088
4452
8539
4293
9358
3585
4014
4320
2193
4453
6584
4069
3787
3945
2489
5012
4983
4779
4673
7611
2457
2226
4734
4074
6240
4139
2106
3996
4038
2848
4075
3614
3926
3766
8
2785
3478
4209
2834
4021
5060
6520
4633
4481
2804
4354
4148
2189
4477
5772
4105
3999
4364
833
3839
4489
4813
4494
4427
8183
3719
4362
6325
3956
3987
6613
4643
6093
7202
5540
3680
4085
4707
5106
3350
5916
4880
4524
4861
3941
4711
5875
4455
4223
4523
4485
3917
4819
2164
4079
707
4526
4448
4257
4116
2855
7562
4402
6720
4763
5006
3941
4062
4984
4757
4924
2553
4619
6258
4014
5918
4648
3638
4342
4003
4175
4296
4286
4561
4503
4026
1056
4219
2869
3994
3891
4327
6219
4389
4744
8046
5152
4681
5915
5304
4584
3858
4255
4530
2067
4110
2983
4779
4883
3392
4475
4772
3974
7849
4448
4247
5398
6905
4245
3286
3976
3383
6253
4346
4487
3884
7244
8804
3537
6360
4645
3534
5430
6302
4401
4000
3408
4058
4683
4749
4718
4013
4024
5361
4766
4771
4443
6300
4054
4264
5215
2527
3549
4060
3080
4992
5110
3945
4410
2197
4068
5129
4725
3052
2876
4107
6251
4502
3987
6109
6199
5892
4320
5566
4596
4462
8755
4010
3996
4991
4668
4963
2319
4769
3984
4617
4576
4734
3626
8766
4036
3405
6034
6000
4000
4471
3877
4523
5536
5645
4726
2198
4035
4638
4987
4499
4472
3658
4069
3812
3364
3921
6188
4255
4629
4099
4429
6886
4941
4899
5455
8804
3927
2598
4113
5308
4286
5766
5632
4071
4404
2896
7169
4294
6548
4353
4579
3894
6922
4334
3271
7482
4153
4124
5524
4091
2522
4018
4768
5073
4441
4856
2473
6071
4499
3208
3304
3884
4156
7488
6447
10029
5516
2424
4690
4358
4006
4012
3798
828
4860
4356
4382
4459
3874
6690
4420
3619
4825
2244
5329
5476
4356
5008
9689
4640
4508
4637
4016
5593
5525
3361
3405
4476
3969
7114
5669
2376
5382
4110
5783
5096
4272
3950
2228
3783
2189
4077
1446
4717
3573
2893
4270
8780
5923
4338
8733
4037
4080
4019
2080
4708
4489
4716
4769
2522
4074
6621
4686
6038
4346
2337
4352
4003
4741
3877
6300
3789
4412
3406
3953
4326
3834
7303
3454
4615
4204
4431
4557
4625
4772
4542
4469
3427
5890
4617
3942
4812
3588
4814
4787
4665
4696
4773
2636
4517
6153
4411
4144
4741
4077
4524
5929
2376
3819
6402
3736
4967
4510
2234
6855
5627
6174
4457
3800
5348
2741
3976
6304
4005
2374
2947
4003
2263
4824
4303
5104
3694
6659
4273
4536
4118
4509
3983
4848
4630
5118
3593
3181
6209
5176
2401
4875
3924
7035
4475
5958
4456
4671
5488
4053
4865
3895
4226
3917
4331
4166
8714
3999
9838
6655
3896
4767
4971
4749
4165
4599
4233
3995
7630
4261
7088
4446
4152
3590
6651
4641
4118
4776
3989
3385
4904
4750
4703
4848
3890
2984
3971
4540
4008
4050
3828
4092
5187
3410
4181
9067
4430
4395
4711
7317
6219
8647
4004
6687
3540
4248
718
4744
3983
4314
4111
4551
4715
4053
7189
5963
4469
2259
4443
4465
4076
4538
3265
5251
4770
4725
5961
5006
2677
8811
4104
4441
4887
3886
719
8731
1169
3223
5540
3419
4429
4125
4550
2600
4391
4471
4140
6688
7361
3775
4474
4377
4888
4487
4551
3994
4548
6988
3869
4449
4040
4707
4325
4742
4768
4006
3047
4383
5272
4635
4007
6664
4296
5618
4318
3410
3291
4225
4089
2815
4697
2704
2282
4629
4334
3971
4331
6895
4755
6581
2222
4515
5124
4243
2575
2059
4694
4025
2265
3559
4877
3915
2254
5462
3991
6530
4354
4056
3634
6512
4703
6690
4765
6108
4484
3769
4777
4317
1972
4131
4776
2078
5108
2187
4591
4658
8750
3998
4518
4119
4440
4124
4484
4803
9631
4078
4445
5877
3115
8743
4712
3631
859
4900
6260
4509
3022
7004
5717
3914
4560
4691
8144
4562
4009
4671
2951
4369
4282
5480
4223
4838
4818
8403
4688
3732
3078
2506
4516
4456
4590
4493
4105
4860
6829
4473
4694
4137
4012
5812
5018
3450
2527
6135
4980
4554
4634
4024
3913
5971
8
4434
4900
4475
4681
4313
4262
3230
3923
3450
2117
4540
3957
3965
3311
8751
4180
6824
3944
4403
9868
4509
4183
4205
4018
4397
4506
4297
3987
5169
2294
2390
4795
3996
4087
5915
2239
4084
4500
3956
2358
4940
4321
4986
2549
4352
4438
2199
7935
8513
1521
9123
4582
7131
3988
4429
4647
6030
3673
4748
2197
3874
4666
4811
4440
4697
4255
4229
4070
4037
8721
3540
3945
4470
741
2106
2982
3996
4114
6018
4593
4810
6584
4390
4764
4008
4531
4856
2431
4013
4985
4021
2452
4427
4904
4698
2950
5683
4424
5503
4792
4796
833
2187
3576
4410
4291
4518
4701
4972
3161
6565
7065
4723
2399
1417
8190
5528
3923
4759
4341
4338
4010
6162
3373
8511
6757
2056
4760
4001
6426
7789
4085
4009
5216
5135
3771
5785
5011
4970
4466
4452
5816
4337
4578
7249
4311
4493
7606
4046
4732
2167
4044
5383
4053
3973
6961
3866
4837
5840
4143
7916
3960
4229
4072
3946
4469
4011
4340
4628
5181
3343
3783
4904
4336
4724
3743
4090
3315
5431
6983
4270
4356
6124
4084
4065
4558
9837
4091
4716
4462
4094
7004
4536
4493
4412
2079
4666
4345
4663
5096
3110
4634
4586
4464
4909
3302
3980
2381
6912
1150
4665
4126
4000
3336
4107
4156
6253
4432
4132
2218
4091
4000
4671
3889
4555
4421
4107
4470
4504
6295
4389
4345
3724
2016
7539
4561
6821
5597
4478
2229
4590
5443
4428
6480
3950
4050
4143
4758
4653
4112
6308
3214
5337
4703
6385
4624
6895
3952
5730
4320
1162
4711
4138
4622
5780
4160
4567
4864
4308
5243
6325
4687
4886
4631
4260
4411
6896
4383
4767
3986
4011
8778
3983
2472
1875
4291
6934
2076
4069
4652
3560
3355
8519
6624
4380
7751
4725
4721
4886
3141
3858
8
3685
3534
1969
4345
4561
7183
3000
3550
3970
4504
4414
4520
4806
3956
7362
3740
5018
6996
4391
4606
4273
4730
5295
5629
4519
3470
3478
5597
7962
5985
3419
3361
4020
3979
3355
4493
4104
3266
8180
5209
6137
3865
4708
5176
4094
3442
3046
4240
4559
4509
4837
3341
4585
3055
4320
4949
4486
6022
4478
4491
811
2061
3871
4700
4957
5211
4013
3977
5234
5162
4043
4420
3848
5132
2364
4292
3957
5977
4092
5197
4656
4451
4118
4083
3931
4718
3934
4751
3928
5902
3886
7919
2518
6760
4865
3157
6221
4525
4077
4892
2194
4452
4528
3947
3938
2382
3161
4452
2995
4977
9777
3647
3053
4421
8616
4457
5177
8356
4656
5612
5615
2679
3934
3053
2876
4518
4553
5546
6548
5856
4788
6005
4328
4667
3521
3900
4155
4387
4904
5845
4116
4294
6219
5008
5552
4068
4221
4427
5171
3397
4435
4900
9684
4653
6128
6643
3204
4674
4449
4782
4688
6835
4842
3078
3828
4840
4965
7000
3449
4617
5142
4871
4511
4094
4466
6284
4747
818
7072
4344
4220
4296
4334
6153
4940
5152
3252
4842
4678
5382
2372
4416
828
8514
4745
2082
2850
7364
4105
4200
4012
7695
3518
4343
3766
5950
9062
3278
4596
4069
833
4050
2638
4499
7189
2238
4040
3481
6883
3896
4446
4063
3396
7519
4200
4531
4486
7106
5140
4489
4339
4768
3382
5006
4667
7353
4811
4199
6163
4969
4732
4638
7038
4779
5132
7054
4448
4074
7962
4880
7535
3465
4617
3053
4155
4255
4696
5063
2230
4079
4854
6597
5505
2409
3649
5371
4102
4112
4132
3760
4408
5188
4513
3440
3528
3544
4791
4101
3356
4307
4588
4493
5742
6712
4631
4637
4060
4546
4020
4424
3470
5916
2424
5116
4257
7504
3436
4255
4794
2101
5184
2952
4912
5852
6804
2099
4546
2135
6904
5108
4131
2596
4475
4440
5384
4018
5748
6137
4094
3110
3932
4942
4638
3348
2102
3124
4807
6270
4562
3301
4720
4815
4467
2431
4198
4574
5968
6479
5614
4876
3518
4984
4301
4435
4079
7896
5730
4681
4467
3999
4844
3963
4025
2063
5641
3999
4223
3560
3353
2278
3361
5471
4446
4068
3380
6958
4874
4774
4130
4512
3862
3927
4602
3988
4245
4081
2833
6586
4512
3056
3449
3455
3573
4008
4022
5880
2246
5865
5081
4034
4762
5384
4104
6764
4077
4698
2128
3972
7479
4335
4482
4050
5101
4527
4555
3915
3809
5628
4508
4868
6980
2181
5432
4112
5286
4400
4060
5559
4645
4754
4525
2178
5866
5652
9176
4846
4486
6678
4688
5423
3964
6829
7428
5779
3598
4421
5719
6357
6975
4130
4896
4865
3746
5915
4579
4795
1138
3424
4138
4273
4124
4942
4557
3094
3585
3990
6110
4346
4401
3940
6939
4571
3006
2076
4017
5610
4679
4104
7008
6751
6792
4487
3673
4680
4155
4231
704
5071
4180
4038
3163
4329
3505
5539
3132
3730
2944
4021
3328
4249
4652
5148
4732
3057
4607
4555
3810
4988
4413
4880
4235
4690
4260
2524
5630
4315
4211
4252
4448
4110
1240
3008
4461
4393
3871
3079
3880
3995
4086
5132
4636
3970
3975
3717
4859
5582
3504
4085
4493
5513
3961
8
7437
4081
3175
805
2902
7207
5176
8739
7058
4112
5652
4179
4015
4005
3398
3705
5489
3851
4030
4013
4657
3581
4874
4006
6605
3788
7037
2189
5845
2664
4478
6011
6353
4631
2951
3579
4691
4350
4243
4796
4092
7007
4629
3235
5564
4714
1176
3006
4043
7414
4470
3986
8438
3700
4487
4298
4347
4022
3460
3892
6580
4504
4334
1996
4460
6251
4735
4630
4484
4446
3565
4018
4690
4508
4112
4774
6648
3391
6786
3398
9900
4272
6488
2386
3971
3427
4823
4128
4663
2987
4737
2593
5984
2871
4578
4306
4359
2054
4787
5922
4613
4672
8919
4208
4897
4340
5911
4225
3459
4707
2943
6980
4202
2468
7000
3944
4952
4013
4031
5064
3806
6799
3363
6955
4596
7163
4551
3208
3972
4826
833
4734
6640
4126
4255
4232
3789
4277
4875
3886
6998
4005
4109
4720
4102
4875
4324
4288
6832
4268
8784
4700
3574
5534
5373
4357
4685
1196
4720
2707
5865
6743
4019
9984
4038
3875
4014
5191
4641
4108
4261
4660
4213
4849
4395
4526
2125
3950
5208
4845
4807
2944
4862
5106
4620
4568
1796
5286
9926
4169
6308
9523
7244
4076
4248
4383
4490
4343
4818
6866
4717
8659
4146
6350
4536
4021
4002
4853
4724
6722
4598
3288
4686
4236
7290
4197
4812
4887
4037
2711
4005
4673
6856
4707
748
6236
3398
5988
3995
4928
4051
4498
3966
4489
3352
4111
5769
4657
4422
5702
3903
3925
7346
4531
1990
4288
4515
4115
3048
4680
4096
4060
5137
5345
4132
3966
2635
3299
4644
4476
2404
5094
4115
3288
4070
4811
3978
3952
4003
4798
4636
6997
4200
3351
5769
6275
4565
5610
4239
3557
4039
4649
4716
7306
2190
4789
4455
4868
4765
3886
4983
4574
3918
4617
4641
4287
4334
3678
6579
4985
4712
4084
3319
4160
2351
6021
6354
4492
4013
4020
4190
4112
2128
4630
6787
4537
818
4755
4531
4391
4369
4759
4494
4832
4076
3980
4020
3431
4659
6909
4294
4248
4934
4006
3424
4353
6650
4735
4122
5275
3912
3902
4391
5345
4016
4559
4724
4005
4391
4291
1162
3058
8342
4652
6108
4681
4131
5129
4086
3946
4919
5902
4199
5515
6929
4354
2232
5003
6961
4672
4764
4470
3977
4687
4581
3950
4968
5909
4780
4009
3768
4272
3973
2944
4005
4288
4007
8785
4534
3948
4011
4773
4525
4085
4622
4217
6986
4428
2208
5185
4094
7794
4631
4027
4618
5211
4083
4095
5892
4919
4085
1923
4128
4324
3979
4097
4060
4398
4486
4313
4763
4458
3760
4422
4093
3966
4530
7378
2016
6357
3754
5874
4025
2694
3969
4007
4865
3208
4987
3434
2879
4462
7037
9092
791
3609
2150
7042
4316
4077
3923
4112
3385
4153
2073
6137
4386
3654
6587
4165
4071
6115
3872
4112
2935
3979
5507
4170
4336
4338
4439
4039
4855
4068
2998
4010
2957
4643
4070
3535
4618
4271
3163
5571
3768
3575
3728
4839
5537
4743
6206
818
2653
5148
3004
7375
2297
5911
7091
4723
4014
2416
4616
4186
3942
5294
3655
4463
4766
3961
4544
3540
4568
3973
7160
4456
4401
3961
4451
6132
4256
4720
6025
7246
6732
5009
726
4292
4857
3046
2117
4552
5385
3820
2113
4773
4877
4857
5803
4047
4144
3967
4695
4430
8761
4350
4799
7246
4520
3204
4074
3660
4030
6201
4900
833
4154
3989
4292
5041
3865
7478
4026
4255
4022
4603
4106
3766
6622
4008
3563
3454
4401
3680
5164
5714
5142
4302
6682
6942
4668
3436
833
4211
4805
4760
4370
3333
3453
5908
4801
3892
4540
4002
3307
4080
5101
3067
4099
6484
4386
4363
2094
3053
3363
4427
4693
4677
4716
4221
4629
8286
3751
4445
4625
6895
4171
6206
4308
4893
4643
2174
3958
4500
6417
4248
3252
4675
7621
8790
7482
4417
4821
4102
7053
4426
4124
4322
3964
5913
4252
5515
5308
3511
6822
4013
6943
4060
4273
2178
4012
5103
4705
4001
5405
4362
5523
2236
4424
2707
4585
4683
3425
3470
4112
3872
6449
4730
6302
2330
5572
4227
4341
2181
4310
4338
2407
4768
4552
5641
8643
9116
3409
4279
4489
3896
3807
3996
4519
4101
4030
4565
3427
4447
2235
4772
5370
4251
5196
5764
4286
4815
5218
4729
5195
3969
4620
4716
4760
7520
3928
4784
4865
6611
3214
2563
4126
3540
3186
4530
3924
4386
6063
6052
4904
3946
6990
3897
4577
7649
8
3990
4119
4435
3953
6660
4406
4389
7970
4643
4009
4389
3595
4833
4556
3496
6956
4691
4459
3410
817
3191
4250
3954
4103
7358
4900
4613
3056
3100
5108
4958
4127
3962
3636
834
4093
4264
4491
2743
5605
2600
5778
2641
3936
8732
4131
4842
2127
4030
2881
4444
4732
4536
4103
5286
4671
2214
3653
3920
4343
4009
4694
3970
3995
7003
4719
3898
9919
4117
4541
4345
3397
4732
5084
5856
2752
4451
4925
4476
5429
3393
5005
4008
5166
2244
4886
4127
3574
4529
3100
4357
2071
4909
4816
4391
4922
6995
4541
5085
4012
5537
7535
4639
4477
5068
5767
3671
4003
1163
3427
3994
4978
4663
5740
3431
4655
4689
5007
4661
3965
2073
4311
4264
4780
3503
4631
3256
2091
2678
4716
4316
4327
3352
2184
6655
3392
3896
7138
4614
2255
6253
4128
4474
3942
7038
4292
4170
4579
2395
4125
5935
6581
4283
4522
6507
4192
4267
7460
4054
4481
4339
5629
4015
4514
4152
4776
3379
1045
5073
4661
4527
4585
4419
4435
4500
4507
3934
4102
4013
4765
4348
3804
8
4075
4031
5423
4541
4561
4785
4847
6032
4271
3269
4020
5330
4492
6620
4573
9857
3913
4220
3182
3944
3872
2104
5370
3753
2376
4552
4397
3413
4478
4487
7780
5910
2384
5912
4235
4845
4192
4156
5882
6387
2612
2548
4702
4490
6334
4754
5394
5608
4111
4216
6061
4422
3057
4033
4810
4794
1460
7582
4921
3977
3561
4110
4795
4229
4589
4541
4282
4664
2767
3960
3553
2085
5197
6440
6224
4165
3908
6177
4640
4474
4634
4197
4129
4262
4188
3922
4773
4087
3518
4484
4627
6776
3380
4780
2071
4092
6223
4354
3307
4313
4225
4452
4549
4926
4678
2117
3076
4680
3135
3280
5685
4806
4103
2048
3997
4145
3768
3964
3966
6682
7723
4198
4423
5516
4519
4225
3595
4563
3728
3583
3289
4295
3888
3923
3866
4303
4865
4842
5922
1521
4686
5410
4753
4040
5385
3612
3835
2527
4343
5923
4403
4810
4451
3354
4489
4690
3678
6701
2271
4717
4024
4874
2262
2626
8639
4121
2842
3978
6016
5640
2893
2506
3320
5546
4112
